100
-1 = -1
2
21 < 0.5000
2
32 < 1.5000
2
14 < 0.5000
2
6 < 1.0000
2
4 < 0.5000
2
25 < 0.5000
2
17 < 0.5000
0
2
1
2 42
17 > 0.5000
2
18 < 0.5000
0
2
1
2 7
18 > 0.5000
2
0 < 2.5000
0
4
1
4 2
0 > 2.5000
0
2
1
2 3
25 > 0.5000
2
2 < 2.5000
0
4
1
4 8
2 > 2.5000
0
1
1
1 1
4 > 0.5000
2
3 < 1.5000
0
4
1
4 40
3 > 1.5000
2
1 < 1.5000
0
4
1
4 5
1 > 1.5000
0
2
1
2 1
6 > 1.0000
0
6
1
6 29
14 > 0.5000
0
5
1
5 46
32 > 1.5000
0
3
1
3 74
21 > 0.5000
0
1
1
1 108
-1 = -1
2
20 < 0.5000
2
26 < 0.5000
2
6 < 0.5000
2
4 < 0.5000
2
25 < 0.5000
2
17 < 0.5000
2
33 < 61.5000
0
2
1
2 44
33 > 61.5000
2
0 < 1.5000
0
4
1
4 1
0 > 1.5000
0
5
1
5 1
17 > 0.5000
2
3 < 1.5000
2
18 < 0.5000
0
2
1
2 1
18 > 0.5000
0
4
1
4 4
3 > 1.5000
0
2
1
2 3
25 > 0.5000
0
4
1
4 8
4 > 0.5000
2
13 < 0.5000
0
4
1
4 40
13 > 0.5000
2
1 < 1.5000
0
4
1
4 4
1 > 1.5000
0
2
1
2 2
6 > 0.5000
2
12 < 0.5000
0
6
1
6 19
12 > 0.5000
0
2
1
2 1
26 > 0.5000
0
3
1
3 63
20 > 0.5000
2
14 < 0.5000
2
27 < 0.5000
0
1
1
1 116
27 > 0.5000
2
6 < 0.5000
0
2
1
2 6
6 > 0.5000
0
6
1
6 1
14 > 0.5000
0
5
1
5 52
-1 = -1
2
20 < 0.5000
2
32 < 1.0000
2
29 < 0.5000
2
4 < 0.5000
2
14 < 1.0000
2
25 < 0.5000
2
17 < 0.5000
0
2
1
2 44
17 > 0.5000
2
33 < 26.0000
0
2
1
2 6
33 > 26.0000
2
0 < 1.5000
0
2
1
2 1
0 > 1.5000
0
4
1
4 2
25 > 0.5000
0
4
1
4 4
14 > 1.0000
0
5
1
5 6
4 > 0.5000
2
13 < 0.5000
0
4
1
4 37
13 > 0.5000
2
3 < 1.0000
0
4
1
4 4
3 > 1.0000
0
2
1
2 1
29 > 0.5000
0
6
1
6 22
32 > 1.0000
0
3
1
3 74
20 > 0.5000
2
14 < 0.5000
2
27 < 1.0000
0
1
1
1 106
27 > 1.0000
0
2
1
2 5
14 > 0.5000
0
5
1
5 54
-1 = -1
2
21 < 0.5000
2
32 < 1.5000
2
14 < 0.5000
2
4 < 0.5000
2
6 < 1.5000
2
8 < 1.5000
2
25 < 0.5000
2
3 < 0.5000
2
12 < 0.5000
0
4
1
4 1
12 > 0.5000
0
2
1
2 4
3 > 0.5000
0
2
1
2 60
25 > 0.5000
0
4
1
4 2
8 > 1.5000
0
1
1
1 3
6 > 1.5000
0
6
1
6 21
4 > 0.5000
0
4
1
4 47
14 > 0.5000
0
5
1
5 51
32 > 1.5000
0
3
1
3 60
21 > 0.5000
2
27 < 0.5000
0
1
1
1 115
27 > 0.5000
2
0 < 2.5000
0
5
1
5 1
0 > 2.5000
0
2
1
2 1
-1 = -1
2
20 < 0.5000
2
26 < 0.5000
2
4 < 0.5000
2
30 < 0.5000
2
14 < 0.5000
2
25 < 0.5000
2
17 < 0.5000
0
2
1
2 42
17 > 0.5000
2
33 < 39.0000
2
0 < 2.5000
0
4
1
4 1
0 > 2.5000
0
2
1
2 1
33 > 39.0000
0
2
1
2 5
25 > 0.5000
0
4
1
4 7
14 > 0.5000
0
5
1
5 10
30 > 0.5000
0
6
1
6 21
4 > 0.5000
2
5 < 1.0000
2
13 < 0.5000
0
4
1
4 45
13 > 0.5000
2
1 < 1.5000
0
4
1
4 3
1 > 1.5000
0
2
1
2 1
5 > 1.0000
0
3
1
3 1
26 > 0.5000
0
3
1
3 67
20 > 0.5000
2
14 < 0.5000
2
27 < 0.5000
2
6 < 2.5000
0
1
1
1 108
6 > 2.5000
0
6
1
6 2
27 > 0.5000
2
6 < 0.5000
0
2
1
2 5
6 > 0.5000
0
6
1
6 2
14 > 0.5000
0
5
1
5 45
-1 = -1
2
19 < 0.5000
2
26 < 0.5000
2
14 < 0.5000
2
6 < 0.5000
2
4 < 0.5000
2
25 < 0.5000
2
0 < 1.5000
0
4
1
4 1
0 > 1.5000
0
2
1
2 58
25 > 0.5000
0
4
1
4 16
4 > 0.5000
2
33 < 20.5000
2
1 < 1.5000
0
4
1
4 5
1 > 1.5000
0
2
1
2 1
33 > 20.5000
0
4
1
4 41
6 > 0.5000
0
6
1
6 15
14 > 0.5000
0
5
1
5 52
26 > 0.5000
0
3
1
3 64
19 > 0.5000
2
29 < 0.5000
2
2 < 0.5000
0
5
1
5 2
2 > 0.5000
0
1
1
1 105
29 > 0.5000
0
6
1
6 6
-1 = -1
2
20 < 0.5000
2
32 < 1.5000
2
6 < 1.5000
2
4 < 0.5000
2
0 < 0.5000
0
5
1
5 3
0 > 0.5000
2
3 < 1.5000
2
31 < 1.5000
0
2
1
2 11
31 > 1.5000
2
2 < 1.5000
0
4
1
4 6
2 > 1.5000
2
15 < 2.5000
2
17 < 1.5000
0
2
1
2 3
17 > 1.5000
0
4
1
4 1
15 > 2.5000
0
4
1
4 3
3 > 1.5000
0
2
1
2 34
4 > 0.5000
2
33 < 21.0000
2
1 < 1.5000
0
4
1
4 2
1 > 1.5000
0
2
1
2 2
33 > 21.0000
0
4
1
4 29
6 > 1.5000
0
6
1
6 21
32 > 1.5000
2
31 < 0.5000
0
2
1
2 2
31 > 0.5000
0
3
1
3 68
20 > 0.5000
2
14 < 0.5000
2
27 < 0.5000
2
6 < 2.5000
0
1
1
1 114
6 > 2.5000
0
6
1
6 2
27 > 0.5000
2
6 < 0.5000
0
2
1
2 13
6 > 0.5000
0
6
1
6 1
14 > 0.5000
0
5
1
5 51
-1 = -1
2
20 < 0.5000
2
26 < 0.5000
2
4 < 0.5000
2
6 < 0.5000
2
25 < 0.5000
2
14 < 1.0000
2
0 < 1.5000
0
4
1
4 1
0 > 1.5000
2
17 < 1.5000
0
2
1
2 52
17 > 1.5000
0
4
1
4 1
14 > 1.0000
0
5
1
5 4
25 > 0.5000
0
4
1
4 6
6 > 0.5000
0
6
1
6 18
4 > 0.5000
0
4
1
4 38
26 > 0.5000
0
3
1
3 75
20 > 0.5000
2
14 < 0.5000
2
27 < 0.5000
0
1
1
1 114
27 > 0.5000
2
6 < 0.5000
0
2
1
2 4
6 > 0.5000
0
6
1
6 1
14 > 0.5000
0
5
1
5 52
-1 = -1
2
20 < 0.5000
2
28 < 0.5000
2
30 < 0.5000
2
4 < 0.5000
2
14 < 1.0000
2
17 < 1.5000
2
3 < 0.5000
2
13 < 0.5000
0
4
1
4 4
13 > 0.5000
2
33 < 56.5000
0
2
1
2 10
33 > 56.5000
0
4
1
4 1
3 > 0.5000
0
2
1
2 53
17 > 1.5000
0
4
1
4 3
14 > 1.0000
0
5
1
5 4
4 > 0.5000
0
4
1
4 29
30 > 0.5000
0
6
1
6 21
28 > 0.5000
0
3
1
3 65
20 > 0.5000
2
14 < 0.5000
2
27 < 0.5000
0
1
1
1 110
27 > 0.5000
2
6 < 0.5000
0
2
1
2 9
6 > 0.5000
0
6
1
6 1
14 > 0.5000
0
5
1
5 56
-1 = -1
2
21 < 0.5000
2
5 < 0.5000
2
14 < 0.5000
2
6 < 0.5000
2
4 < 0.5000
2
25 < 0.5000
0
2
1
2 45
25 > 0.5000
2
2 < 2.5000
0
4
1
4 7
2 > 2.5000
0
1
1
1 1
4 > 0.5000
2
7 < 1.0000
2
13 < 0.5000
0
4
1
4 42
13 > 0.5000
2
0 < 1.5000
0
4
1
4 3
0 > 1.5000
0
2
1
2 1
7 > 1.0000
0
3
1
3 1
6 > 0.5000
0
6
1
6 24
14 > 0.5000
0
5
1
5 45
5 > 0.5000
0
3
1
3 79
21 > 0.5000
0
1
1
1 118
-1 = -1
2
20 < 0.5000
2
26 < 0.5000
2
4 < 0.5000
2
30 < 0.5000
2
14 < 0.5000
2
25 < 0.5000
2
17 < 1.5000
2
33 < 58.5000
0
2
1
2 50
33 > 58.5000
2
0 < 1.5000
0
4
1
4 2
0 > 1.5000
0
2
1
2 1
17 > 1.5000
0
4
1
4 2
25 > 0.5000
0
4
1
4 3
14 > 0.5000
0
5
1
5 6
30 > 0.5000
2
3 < 1.5000
0
6
1
6 18
3 > 1.5000
0
2
1
2 1
4 > 0.5000
2
3 < 1.5000
0
4
1
4 39
3 > 1.5000
2
2 < 0.5000
0
4
1
4 3
2 > 0.5000
0
2
1
2 1
26 > 0.5000
0
3
1
3 70
20 > 0.5000
2
14 < 0.5000
2
27 < 0.5000
2
6 < 2.5000
0
1
1
1 114
6 > 2.5000
0
6
1
6 1
27 > 0.5000
2
6 < 0.5000
0
2
1
2 4
6 > 0.5000
0
6
1
6 2
14 > 0.5000
0
5
1
5 49
-1 = -1
2
21 < 0.5000
2
32 < 1.5000
2
14 < 0.5000
2
4 < 0.5000
2
6 < 1.5000
2
19 < 0.5000
2
25 < 0.5000
2
33 < 58.5000
0
2
1
2 49
33 > 58.5000
2
0 < 1.5000
0
4
1
4 1
0 > 1.5000
0
2
1
2 3
25 > 0.5000
0
4
1
4 2
19 > 0.5000
2
1 < 2.5000
0
6
1
6 1
1 > 2.5000
0
1
1
1 2
6 > 1.5000
0
6
1
6 18
4 > 0.5000
2
13 < 0.5000
0
4
1
4 34
13 > 0.5000
2
0 < 1.5000
0
4
1
4 1
0 > 1.5000
0
2
1
2 1
14 > 0.5000
0
5
1
5 51
32 > 1.5000
0
3
1
3 87
21 > 0.5000
2
27 < 1.5000
0
1
1
1 114
27 > 1.5000
0
2
1
2 2
-1 = -1
2
20 < 0.5000
2
32 < 1.5000
2
4 < 0.5000
2
30 < 0.5000
2
14 < 1.0000
2
25 < 0.5000
2
3 < 0.5000
2
12 < 0.5000
2
8 < 0.5000
0
4
1
4 4
8 > 0.5000
0
2
1
2 1
12 > 0.5000
0
2
1
2 3
3 > 0.5000
2
17 < 1.5000
0
2
1
2 49
17 > 1.5000
0
4
1
4 1
25 > 0.5000
0
4
1
4 6
14 > 1.0000
0
5
1
5 4
30 > 0.5000
0
6
1
6 12
4 > 0.5000
0
4
1
4 36
32 > 1.5000
2
28 < 0.5000
0
2
1
2 1
28 > 0.5000
0
3
1
3 72
20 > 0.5000
2
14 < 0.5000
2
27 < 0.5000
0
1
1
1 118
27 > 0.5000
2
6 < 0.5000
0
2
1
2 5
6 > 0.5000
0
6
1
6 1
14 > 0.5000
0
5
1
5 53
-1 = -1
2
20 < 0.5000
2
32 < 1.5000
2
6 < 0.5000
2
4 < 0.5000
2
14 < 1.0000
2
25 < 0.5000
2
17 < 1.5000
2
0 < 1.5000
0
4
1
4 1
0 > 1.5000
2
17 < 0.5000
0
2
1
2 46
17 > 0.5000
2
3 < 0.5000
0
4
1
4 1
3 > 0.5000
0
2
1
2 5
17 > 1.5000
2
0 < 2.5000
0
4
1
4 4
0 > 2.5000
0
2
1
2 1
25 > 0.5000
0
4
1
4 6
14 > 1.0000
0
5
1
5 6
4 > 0.5000
2
33 < 21.0000
2
13 < 0.5000
0
4
1
4 4
13 > 0.5000
0
2
1
2 1
33 > 21.0000
0
4
1
4 32
6 > 0.5000
0
6
1
6 21
32 > 1.5000
0
3
1
3 73
20 > 0.5000
2
14 < 0.5000
2
27 < 0.5000
2
6 < 2.5000
0
1
1
1 105
6 > 2.5000
0
6
1
6 1
27 > 0.5000
2
6 < 0.5000
0
2
1
2 4
6 > 0.5000
0
6
1
6 1
14 > 0.5000
0
5
1
5 54
-1 = -1
2
20 < 0.5000
2
32 < 1.5000
2
4 < 0.5000
2
6 < 1.5000
2
14 < 0.5000
2
25 < 0.5000
2
3 < 0.5000
2
12 < 0.5000
2
0 < 2.5000
0
4
1
4 2
0 > 2.5000
0
2
1
2 1
12 > 0.5000
0
2
1
2 4
3 > 0.5000
0
2
1
2 41
25 > 0.5000
0
4
1
4 6
14 > 0.5000
0
5
1
5 6
6 > 1.5000
0
6
1
6 14
4 > 0.5000
2
13 < 0.5000
0
4
1
4 36
13 > 0.5000
2
0 < 1.5000
0
4
1
4 1
0 > 1.5000
0
2
1
2 1
32 > 1.5000
0
3
1
3 87
20 > 0.5000
2
14 < 0.5000
2
27 < 1.0000
2
6 < 2.5000
0
1
1
1 118
6 > 2.5000
0
6
1
6 2
27 > 1.0000
0
2
1
2 6
14 > 0.5000
0
5
1
5 41
-1 = -1
2
20 < 0.5000
2
32 < 1.5000
2
4 < 0.5000
2
33 < 14.5000
0
6
1
6 16
33 > 14.5000
2
14 < 0.5000
2
17 < 1.5000
2
25 < 0.5000
0
2
1
2 54
25 > 0.5000
0
4
1
4 3
17 > 1.5000
2
0 < 2.5000
0
4
1
4 4
0 > 2.5000
0
2
1
2 1
14 > 0.5000
0
5
1
5 8
4 > 0.5000
2
33 < 20.5000
2
1 < 1.5000
0
4
1
4 4
1 > 1.5000
0
2
1
2 1
33 > 20.5000
0
4
1
4 35
32 > 1.5000
0
3
1
3 61
20 > 0.5000
2
14 < 0.5000
2
27 < 0.5000
2
6 < 2.5000
0
1
1
1 112
6 > 2.5000
0
6
1
6 1
27 > 0.5000
2
6 < 0.5000
0
2
1
2 7
6 > 0.5000
0
6
1
6 1
14 > 0.5000
0
5
1
5 58
-1 = -1
2
20 < 0.5000
2
32 < 1.5000
2
6 < 0.5000
2
4 < 0.5000
2
25 < 0.5000
2
33 < 61.5000
2
17 < 1.5000
0
2
1
2 49
17 > 1.5000
2
0 < 2.5000
0
4
1
4 1
0 > 2.5000
0
2
1
2 3
33 > 61.5000
2
0 < 1.5000
0
4
1
4 1
0 > 1.5000
2
1 < 1.5000
0
5
1
5 1
1 > 1.5000
0
2
1
2 1
25 > 0.5000
0
4
1
4 3
4 > 0.5000
2
3 < 1.5000
0
4
1
4 36
3 > 1.5000
2
1 < 1.5000
0
4
1
4 2
1 > 1.5000
0
2
1
2 3
6 > 0.5000
2
30 < 0.5000
2
0 < 1.5000
0
2
1
2 1
0 > 1.5000
0
5
1
5 1
30 > 0.5000
0
6
1
6 25
32 > 1.5000
0
3
1
3 72
20 > 0.5000
2
14 < 0.5000
2
27 < 0.5000
2
6 < 2.5000
0
1
1
1 113
6 > 2.5000
0
6
1
6 1
27 > 0.5000
0
2
1
2 6
14 > 0.5000
0
5
1
5 47
-1 = -1
2
20 < 0.5000
2
28 < 0.5000
2
4 < 0.5000
2
29 < 0.5000
2
14 < 0.5000
2
25 < 0.5000
2
17 < 1.5000
2
33 < 58.5000
0
2
1
2 48
33 > 58.5000
0
4
1
4 1
17 > 1.5000
0
4
1
4 1
25 > 0.5000
0
4
1
4 3
14 > 0.5000
0
5
1
5 4
29 > 0.5000
0
6
1
6 18
4 > 0.5000
0
4
1
4 38
28 > 0.5000
0
3
1
3 78
20 > 0.5000
2
14 < 0.5000
2
27 < 0.5000
2
6 < 1.5000
0
1
1
1 118
6 > 1.5000
0
6
1
6 2
27 > 0.5000
2
6 < 0.5000
0
2
1
2 8
6 > 0.5000
0
6
1
6 1
14 > 0.5000
0
5
1
5 46
-1 = -1
2
21 < 0.5000
2
32 < 1.5000
2
14 < 0.5000
2
4 < 0.5000
2
30 < 0.5000
2
25 < 0.5000
2
8 < 1.5000
2
33 < 58.5000
0
2
1
2 63
33 > 58.5000
0
4
1
4 1
8 > 1.5000
0
1
1
1 1
25 > 0.5000
2
2 < 2.5000
0
4
1
4 5
2 > 2.5000
0
1
1
1 3
30 > 0.5000
0
6
1
6 22
4 > 0.5000
0
4
1
4 37
14 > 0.5000
0
5
1
5 52
32 > 1.5000
0
3
1
3 69
21 > 0.5000
2
27 < 0.5000
0
1
1
1 110
27 > 0.5000
2
0 < 2.5000
0
5
1
5 1
0 > 2.5000
0
2
1
2 2
-1 = -1
2
20 < 0.5000
2
32 < 1.5000
2
6 < 0.5000
2
4 < 0.5000
2
25 < 0.5000
2
0 < 1.5000
2
3 < 1.5000
0
4
1
4 3
3 > 1.5000
0
5
1
5 3
0 > 1.5000
2
17 < 1.5000
0
2
1
2 38
17 > 1.5000
2
0 < 2.5000
0
4
1
4 1
0 > 2.5000
0
2
1
2 1
25 > 0.5000
0
4
1
4 10
4 > 0.5000
2
33 < 20.5000
2
13 < 0.5000
0
4
1
4 4
13 > 0.5000
0
2
1
2 1
33 > 20.5000
0
4
1
4 40
6 > 0.5000
2
8 < 0.5000
0
2
1
2 1
8 > 0.5000
0
6
1
6 19
32 > 1.5000
2
24 < 0.5000
2
0 < 1.5000
0
2
1
2 1
0 > 1.5000
0
3
1
3 1
24 > 0.5000
0
3
1
3 73
20 > 0.5000
2
14 < 0.5000
2
19 < 0.5000
2
12 < 0.5000
2
1 < 1.5000
0
6
1
6 2
1 > 1.5000
0
1
1
1 3
12 > 0.5000
0
2
1
2 4
19 > 0.5000
0
1
1
1 116
14 > 0.5000
0
5
1
5 45
-1 = -1
2
20 < 0.5000
2
32 < 1.5000
2
4 < 0.5000
2
6 < 1.0000
2
25 < 0.5000
2
14 < 1.0000
0
2
1
2 52
14 > 1.0000
0
5
1
5 2
25 > 0.5000
0
4
1
4 10
6 > 1.0000
0
6
1
6 14
4 > 0.5000
0
4
1
4 35
32 > 1.5000
2
31 < 0.5000
0
2
1
2 1
31 > 0.5000
0
3
1
3 88
20 > 0.5000
2
14 < 0.5000
2
27 < 0.5000
0
1
1
1 113
27 > 0.5000
2
6 < 0.5000
0
2
1
2 9
6 > 0.5000
0
6
1
6 2
14 > 0.5000
0
5
1
5 40
-1 = -1
2
20 < 0.5000
2
26 < 0.5000
2
4 < 0.5000
2
30 < 0.5000
2
14 < 1.5000
2
3 < 1.5000
2
25 < 0.5000
2
31 < 1.5000
0
2
1
2 10
31 > 1.5000
2
2 < 1.5000
2
8 < 0.5000
0
4
1
4 4
8 > 0.5000
0
2
1
2 1
2 > 1.5000
2
17 < 1.5000
0
2
1
2 8
17 > 1.5000
0
4
1
4 1
25 > 0.5000
0
4
1
4 3
3 > 1.5000
0
2
1
2 35
14 > 1.5000
0
5
1
5 4
30 > 0.5000
0
6
1
6 18
4 > 0.5000
2
3 < 1.5000
0
4
1
4 41
3 > 1.5000
2
13 < 0.5000
0
4
1
4 6
13 > 0.5000
0
2
1
2 1
26 > 0.5000
0
3
1
3 70
20 > 0.5000
2
14 < 0.5000
2
27 < 0.5000
2
6 < 2.0000
0
1
1
1 111
6 > 2.0000
0
6
1
6 1
27 > 0.5000
2
6 < 0.5000
0
2
1
2 8
6 > 0.5000
0
6
1
6 1
14 > 0.5000
0
5
1
5 43
-1 = -1
2
20 < 0.5000
2
32 < 1.5000
2
4 < 0.5000
2
6 < 1.5000
2
25 < 0.5000
2
14 < 0.5000
2
3 < 0.5000
2
12 < 0.5000
2
0 < 2.5000
0
4
1
4 2
0 > 2.5000
0
2
1
2 1
12 > 0.5000
0
2
1
2 8
3 > 0.5000
0
2
1
2 39
14 > 0.5000
0
5
1
5 4
25 > 0.5000
0
4
1
4 7
6 > 1.5000
0
6
1
6 17
4 > 0.5000
2
33 < 21.0000
2
1 < 1.5000
0
4
1
4 4
1 > 1.5000
0
2
1
2 1
33 > 21.0000
0
4
1
4 47
32 > 1.5000
0
3
1
3 81
20 > 0.5000
2
14 < 0.5000
2
27 < 0.5000
0
1
1
1 105
27 > 0.5000
2
6 < 0.5000
0
2
1
2 3
6 > 0.5000
0
6
1
6 2
14 > 0.5000
0
5
1
5 45
-1 = -1
2
20 < 0.5000
2
32 < 1.5000
2
4 < 0.5000
2
6 < 0.5000
2
14 < 1.0000
2
3 < 1.5000
2
0 < 1.5000
0
4
1
4 4
0 > 1.5000
2
13 < 0.5000
2
31 < 2.5000
2
27 < 2.5000
0
4
1
4 4
27 > 2.5000
0
2
1
2 1
31 > 2.5000
0
2
1
2 3
13 > 0.5000
0
2
1
2 7
3 > 1.5000
0
2
1
2 29
14 > 1.0000
0
5
1
5 5
6 > 0.5000
2
3 < 1.5000
0
6
1
6 18
3 > 1.5000
0
5
1
5 2
4 > 0.5000
2
13 < 0.5000
0
4
1
4 37
13 > 0.5000
2
3 < 1.0000
0
4
1
4 4
3 > 1.0000
0
2
1
2 1
32 > 1.5000
2
28 < 0.5000
2
0 < 1.5000
0
2
1
2 1
0 > 1.5000
0
3
1
3 1
28 > 0.5000
0
3
1
3 75
20 > 0.5000
2
14 < 0.5000
2
27 < 0.5000
0
1
1
1 122
27 > 0.5000
2
0 < 2.5000
0
6
1
6 1
0 > 2.5000
0
2
1
2 6
14 > 0.5000
0
5
1
5 45
-1 = -1
2
20 < 0.5000
2
24 < 0.5000
2
4 < 0.5000
2
30 < 0.5000
2
3 < 0.5000
2
12 < 0.5000
2
33 < 23.5000
0
2
1
2 1
33 > 23.5000
0
4
1
4 8
12 > 0.5000
0
2
1
2 10
3 > 0.5000
2
6 < 0.5000
0
2
1
2 39
6 > 0.5000
0
5
1
5 2
30 > 0.5000
0
6
1
6 15
4 > 0.5000
0
4
1
4 34
24 > 0.5000
0
3
1
3 82
20 > 0.5000
2
14 < 0.5000
2
19 < 0.5000
2
3 < 0.5000
0
1
1
1 4
3 > 0.5000
2
1 < 1.5000
0
6
1
6 3
1 > 1.5000
0
2
1
2 3
19 > 0.5000
0
1
1
1 120
14 > 0.5000
0
5
1
5 45
-1 = -1
2
20 < 0.5000
2
26 < 0.5000
2
4 < 0.5000
2
29 < 0.5000
2
14 < 0.5000
2
25 < 0.5000
2
33 < 58.5000
2
17 < 0.5000
0
2
1
2 43
17 > 0.5000
2
33 < 26.0000
0
2
1
2 6
33 > 26.0000
0
4
1
4 2
33 > 58.5000
2
0 < 1.5000
0
4
1
4 3
0 > 1.5000
0
2
1
2 1
25 > 0.5000
0
4
1
4 7
14 > 0.5000
0
5
1
5 9
29 > 0.5000
0
6
1
6 12
4 > 0.5000
2
13 < 0.5000
0
4
1
4 31
13 > 0.5000
2
1 < 1.5000
0
4
1
4 6
1 > 1.5000
0
2
1
2 1
26 > 0.5000
0
3
1
3 81
20 > 0.5000
2
14 < 0.5000
2
27 < 0.5000
2
6 < 1.5000
0
1
1
1 106
6 > 1.5000
0
6
1
6 2
27 > 0.5000
2
0 < 2.5000
0
6
1
6 1
0 > 2.5000
0
2
1
2 5
14 > 0.5000
0
5
1
5 50
-1 = -1
2
19 < 0.5000
2
26 < 0.5000
2
14 < 0.5000
2
6 < 1.5000
2
4 < 0.5000
2
25 < 0.5000
2
21 < 1.5000
2
17 < 0.5000
0
2
1
2 58
17 > 0.5000
2
13 < 0.5000
2
0 < 2.5000
0
4
1
4 3
0 > 2.5000
0
2
1
2 1
13 > 0.5000
0
2
1
2 7
21 > 1.5000
0
1
1
1 2
25 > 0.5000
0
4
1
4 7
4 > 0.5000
2
15 < 1.5000
2
1 < 1.5000
0
4
1
4 3
1 > 1.5000
0
2
1
2 1
15 > 1.5000
0
4
1
4 30
6 > 1.5000
0
6
1
6 17
14 > 0.5000
0
5
1
5 56
26 > 0.5000
0
3
1
3 73
19 > 0.5000
2
29 < 0.5000
2
2 < 0.5000
0
5
1
5 1
2 > 0.5000
0
1
1
1 105
29 > 0.5000
0
6
1
6 2
-1 = -1
2
20 < 0.5000
2
32 < 1.5000
2
4 < 0.5000
2
6 < 1.5000
2
14 < 0.5000
2
25 < 0.5000
2
33 < 58.5000
2
17 < 1.5000
0
2
1
2 51
17 > 1.5000
2
0 < 2.5000
0
4
1
4 1
0 > 2.5000
0
2
1
2 3
33 > 58.5000
0
4
1
4 3
25 > 0.5000
0
4
1
4 6
14 > 0.5000
0
5
1
5 6
6 > 1.5000
0
6
1
6 16
4 > 0.5000
0
4
1
4 42
32 > 1.5000
2
28 < 0.5000
0
2
1
2 1
28 > 0.5000
0
3
1
3 66
20 > 0.5000
2
14 < 0.5000
2
27 < 0.5000
0
1
1
1 111
27 > 0.5000
2
6 < 0.5000
0
2
1
2 5
6 > 0.5000
0
6
1
6 2
14 > 0.5000
0
5
1
5 53
-1 = -1
2
20 < 0.5000
2
26 < 0.5000
2
6 < 1.5000
2
4 < 0.5000
2
14 < 1.0000
2
25 < 0.5000
2
33 < 61.5000
2
17 < 0.5000
0
2
1
2 46
17 > 0.5000
2
13 < 0.5000
0
4
1
4 1
13 > 0.5000
0
2
1
2 7
33 > 61.5000
0
4
1
4 2
25 > 0.5000
0
4
1
4 7
14 > 1.0000
0
5
1
5 5
4 > 0.5000
2
13 < 0.5000
0
4
1
4 43
13 > 0.5000
2
1 < 1.5000
0
4
1
4 4
1 > 1.5000
0
2
1
2 2
6 > 1.5000
0
6
1
6 29
26 > 0.5000
0
3
1
3 68
20 > 0.5000
2
14 < 0.5000
2
27 < 0.5000
2
6 < 2.5000
0
1
1
1 105
6 > 2.5000
0
6
1
6 2
27 > 0.5000
2
6 < 0.5000
0
2
1
2 8
6 > 0.5000
0
6
1
6 2
14 > 0.5000
0
5
1
5 35
-1 = -1
2
21 < 0.5000
2
32 < 1.0000
2
14 < 0.5000
2
4 < 0.5000
2
29 < 0.5000
2
8 < 1.5000
2
17 < 0.5000
0
2
1
2 56
17 > 0.5000
2
13 < 0.5000
2
3 < 0.5000
0
4
1
4 2
3 > 0.5000
2
17 < 1.5000
0
2
1
2 2
17 > 1.5000
0
4
1
4 1
13 > 0.5000
0
2
1
2 8
8 > 1.5000
0
1
1
1 3
29 > 0.5000
0
6
1
6 17
4 > 0.5000
0
4
1
4 50
14 > 0.5000
0
5
1
5 55
32 > 1.0000
0
3
1
3 51
21 > 0.5000
0
1
1
1 121
-1 = -1
2
21 < 0.5000
2
26 < 0.5000
2
14 < 0.5000
2
4 < 0.5000
2
6 < 0.5000
2
25 < 0.5000
2
8 < 1.5000
2
3 < 0.5000
2
17 < 0.5000
0
2
1
2 6
17 > 0.5000
0
4
1
4 1
3 > 0.5000
0
2
1
2 46
8 > 1.5000
0
1
1
1 1
25 > 0.5000
2
2 < 2.5000
0
4
1
4 3
2 > 2.5000
0
1
1
1 2
6 > 0.5000
0
6
1
6 21
4 > 0.5000
0
4
1
4 47
14 > 0.5000
0
5
1
5 41
26 > 0.5000
0
3
1
3 68
21 > 0.5000
2
27 < 1.5000
0
1
1
1 129
27 > 1.5000
0
2
1
2 1
-1 = -1
2
19 < 0.5000
2
11 < 0.5000
2
14 < 0.5000
2
4 < 0.5000
2
30 < 0.5000
2
25 < 0.5000
2
15 < 0.5000
0
1
1
1 2
15 > 0.5000
2
3 < 0.5000
2
2 < 1.5000
2
33 < 31.0000
0
4
1
4 2
33 > 31.0000
2
33 < 56.5000
0
2
1
2 6
33 > 56.5000
0
4
1
4 1
2 > 1.5000
0
2
1
2 7
3 > 0.5000
0
2
1
2 45
25 > 0.5000
0
4
1
4 5
30 > 0.5000
0
6
1
6 22
4 > 0.5000
2
3 < 1.5000
0
4
1
4 42
3 > 1.5000
2
13 < 0.5000
0
4
1
4 5
13 > 0.5000
0
2
1
2 1
14 > 0.5000
0
5
1
5 46
11 > 0.5000
0
3
1
3 84
19 > 0.5000
0
1
1
1 98
-1 = -1
2
20 < 0.5000
2
28 < 0.5000
2
4 < 0.5000
2
6 < 1.5000
2
14 < 0.5000
2
25 < 0.5000
2
3 < 0.5000
2
33 < 56.5000
2
13 < 0.5000
2
0 < 2.5000
0
4
1
4 1
0 > 2.5000
0
2
1
2 2
13 > 0.5000
0
2
1
2 11
33 > 56.5000
0
4
1
4 1
3 > 0.5000
0
2
1
2 46
25 > 0.5000
0
4
1
4 4
14 > 0.5000
0
5
1
5 7
6 > 1.5000
0
6
1
6 15
4 > 0.5000
0
4
1
4 48
28 > 0.5000
0
3
1
3 68
20 > 0.5000
2
14 < 0.5000
2
27 < 0.5000
0
1
1
1 109
27 > 0.5000
2
6 < 0.5000
0
2
1
2 5
6 > 0.5000
0
6
1
6 1
14 > 0.5000
0
5
1
5 48
-1 = -1
2
20 < 0.5000
2
32 < 1.5000
2
4 < 0.5000
2
33 < 14.0000
2
6 < 0.5000
0
2
1
2 1
6 > 0.5000
0
6
1
6 18
33 > 14.0000
2
14 < 0.5000
2
25 < 0.5000
2
33 < 61.5000
2
17 < 1.5000
0
2
1
2 48
17 > 1.5000
2
0 < 2.5000
0
4
1
4 1
0 > 2.5000
0
2
1
2 2
33 > 61.5000
0
4
1
4 1
25 > 0.5000
0
4
1
4 9
14 > 0.5000
0
5
1
5 7
4 > 0.5000
0
4
1
4 43
32 > 1.5000
0
3
1
3 65
20 > 0.5000
2
14 < 0.5000
2
27 < 0.5000
0
1
1
1 121
27 > 0.5000
0
2
1
2 6
14 > 0.5000
0
5
1
5 44
-1 = -1
2
21 < 0.5000
2
32 < 1.5000
2
14 < 0.5000
2
4 < 0.5000
2
6 < 0.5000
2
25 < 0.5000
2
33 < 58.5000
2
8 < 1.5000
2
17 < 1.5000
0
2
1
2 55
17 > 1.5000
2
0 < 2.5000
0
4
1
4 1
0 > 2.5000
0
2
1
2 1
8 > 1.5000
0
1
1
1 1
33 > 58.5000
0
4
1
4 2
25 > 0.5000
2
2 < 2.5000
0
4
1
4 9
2 > 2.5000
0
1
1
1 1
6 > 0.5000
2
12 < 0.5000
0
6
1
6 22
12 > 0.5000
0
2
1
2 1
4 > 0.5000
2
15 < 1.5000
2
1 < 1.5000
0
4
1
4 5
1 > 1.5000
0
2
1
2 1
15 > 1.5000
0
4
1
4 47
14 > 0.5000
0
5
1
5 47
32 > 1.5000
0
3
1
3 65
21 > 0.5000
0
1
1
1 108
-1 = -1
2
20 < 0.5000
2
26 < 0.5000
2
4 < 0.5000
2
6 < 0.5000
2
25 < 0.5000
2
14 < 1.0000
2
33 < 61.5000
0
2
1
2 52
33 > 61.5000
2
0 < 1.5000
0
4
1
4 2
0 > 1.5000
0
2
1
2 1
14 > 1.0000
0
5
1
5 3
25 > 0.5000
0
4
1
4 5
6 > 0.5000
2
3 < 1.5000
0
6
1
6 18
3 > 1.5000
0
5
1
5 2
4 > 0.5000
0
4
1
4 42
26 > 0.5000
0
3
1
3 61
20 > 0.5000
2
14 < 0.5000
2
27 < 1.0000
2
6 < 2.5000
0
1
1
1 130
6 > 2.5000
0
6
1
6 1
27 > 1.0000
0
2
1
2 7
14 > 0.5000
0
5
1
5 42
-1 = -1
2
20 < 0.5000
2
28 < 0.5000
2
30 < 0.5000
2
4 < 0.5000
2
14 < 0.5000
2
25 < 0.5000
2
3 < 0.5000
2
2 < 1.5000
2
13 < 0.5000
0
4
1
4 3
13 > 0.5000
2
33 < 56.5000
0
2
1
2 4
33 > 56.5000
0
4
1
4 2
2 > 1.5000
0
2
1
2 7
3 > 0.5000
0
2
1
2 39
25 > 0.5000
0
4
1
4 7
14 > 0.5000
0
5
1
5 4
4 > 0.5000
2
13 < 0.5000
0
4
1
4 44
13 > 0.5000
2
3 < 1.0000
0
4
1
4 4
3 > 1.0000
0
2
1
2 3
30 > 0.5000
0
6
1
6 20
28 > 0.5000
0
3
1
3 72
20 > 0.5000
2
14 < 0.5000
2
27 < 0.5000
2
6 < 2.5000
0
1
1
1 100
6 > 2.5000
0
6
1
6 1
27 > 0.5000
2
6 < 0.5000
0
2
1
2 8
6 > 0.5000
0
6
1
6 2
14 > 0.5000
0
5
1
5 46
-1 = -1
2
20 < 0.5000
2
32 < 1.5000
2
6 < 0.5000
2
4 < 0.5000
2
3 < 0.5000
0
4
1
4 4
3 > 0.5000
2
14 < 1.0000
2
25 < 0.5000
0
2
1
2 41
25 > 0.5000
0
4
1
4 2
14 > 1.0000
0
5
1
5 2
4 > 0.5000
2
13 < 0.5000
0
4
1
4 38
13 > 0.5000
2
0 < 1.5000
0
4
1
4 2
0 > 1.5000
0
2
1
2 2
6 > 0.5000
2
3 < 1.5000
0
6
1
6 20
3 > 1.5000
0
5
1
5 2
32 > 1.5000
0
3
1
3 71
20 > 0.5000
2
14 < 0.5000
2
27 < 0.5000
2
6 < 2.0000
0
1
1
1 133
6 > 2.0000
0
6
1
6 1
27 > 0.5000
0
2
1
2 5
14 > 0.5000
0
5
1
5 43
-1 = -1
2
19 < 0.5000
2
32 < 1.0000
2
14 < 0.5000
2
4 < 0.5000
2
6 < 1.0000
2
25 < 0.5000
2
3 < 0.5000
2
0 < 2.5000
2
2 < 1.5000
2
8 < 0.5000
0
4
1
4 4
8 > 0.5000
0
2
1
2 1
2 > 1.5000
0
1
1
1 1
0 > 2.5000
0
2
1
2 5
3 > 0.5000
0
2
1
2 55
25 > 0.5000
0
4
1
4 5
6 > 1.0000
0
6
1
6 13
4 > 0.5000
2
13 < 0.5000
0
4
1
4 35
13 > 0.5000
2
3 < 1.0000
0
4
1
4 4
3 > 1.0000
0
2
1
2 1
14 > 0.5000
0
5
1
5 55
32 > 1.0000
0
3
1
3 63
19 > 0.5000
2
27 < 0.5000
0
1
1
1 121
27 > 0.5000
2
1 < 1.5000
0
5
1
5 2
1 > 1.5000
0
6
1
6 1
-1 = -1
2
20 < 0.5000
2
26 < 0.5000
2
4 < 0.5000
2
29 < 0.5000
2
14 < 0.5000
2
25 < 0.5000
0
2
1
2 45
25 > 0.5000
0
4
1
4 7
14 > 0.5000
0
5
1
5 8
29 > 0.5000
0
6
1
6 15
4 > 0.5000
2
5 < 1.0000
2
13 < 0.5000
0
4
1
4 29
13 > 0.5000
2
0 < 1.5000
0
4
1
4 3
0 > 1.5000
0
2
1
2 1
5 > 1.0000
0
3
1
3 1
26 > 0.5000
0
3
1
3 84
20 > 0.5000
2
14 < 0.5000
2
27 < 0.5000
2
6 < 2.5000
0
1
1
1 114
6 > 2.5000
0
6
1
6 2
27 > 0.5000
2
6 < 0.5000
0
2
1
2 6
6 > 0.5000
0
6
1
6 2
14 > 0.5000
0
5
1
5 49
-1 = -1
2
21 < 0.5000
2
11 < 0.5000
2
14 < 0.5000
2
4 < 0.5000
2
6 < 0.5000
2
25 < 0.5000
2
3 < 0.5000
2
12 < 0.5000
2
0 < 2.5000
0
4
1
4 1
0 > 2.5000
0
2
1
2 1
12 > 0.5000
0
2
1
2 6
3 > 0.5000
0
2
1
2 58
25 > 0.5000
2
8 < 1.0000
0
4
1
4 2
8 > 1.0000
0
1
1
1 4
6 > 0.5000
2
8 < 0.5000
0
2
1
2 1
8 > 0.5000
0
6
1
6 20
4 > 0.5000
2
13 < 0.5000
0
4
1
4 34
13 > 0.5000
2
0 < 1.5000
0
4
1
4 2
0 > 1.5000
0
2
1
2 1
14 > 0.5000
0
5
1
5 49
11 > 0.5000
0
3
1
3 71
21 > 0.5000
0
1
1
1 116
-1 = -1
2
20 < 0.5000
2
24 < 0.5000
2
4 < 0.5000
2
6 < 0.5000
2
14 < 1.0000
2
25 < 0.5000
2
3 < 1.5000
2
31 < 1.5000
0
2
1
2 9
31 > 1.5000
2
0 < 2.5000
2
8 < 0.5000
2
18 < 0.5000
0
2
1
2 2
18 > 0.5000
0
4
1
4 4
8 > 0.5000
0
2
1
2 3
0 > 2.5000
0
2
1
2 4
3 > 1.5000
0
2
1
2 33
25 > 0.5000
0
4
1
4 4
14 > 1.0000
0
5
1
5 7
6 > 0.5000
2
0 < 1.5000
0
2
1
2 1
0 > 1.5000
0
6
1
6 18
4 > 0.5000
2
5 < 1.0000
2
13 < 0.5000
0
4
1
4 38
13 > 0.5000
0
2
1
2 1
5 > 1.0000
0
3
1
3 1
24 > 0.5000
0
3
1
3 70
20 > 0.5000
2
14 < 0.5000
2
27 < 0.5000
2
6 < 2.0000
0
1
1
1 117
6 > 2.0000
0
6
1
6 1
27 > 0.5000
2
6 < 0.5000
0
2
1
2 4
6 > 0.5000
0
6
1
6 1
14 > 0.5000
0
5
1
5 48
-1 = -1
2
20 < 0.5000
2
32 < 1.5000
2
4 < 0.5000
2
30 < 0.5000
2
13 < 0.5000
2
14 < 0.5000
2
25 < 0.5000
2
17 < 1.5000
0
2
1
2 6
17 > 1.5000
0
4
1
4 1
25 > 0.5000
0
4
1
4 5
14 > 0.5000
0
5
1
5 4
13 > 0.5000
0
2
1
2 39
30 > 0.5000
0
6
1
6 18
4 > 0.5000
2
13 < 0.5000
0
4
1
4 41
13 > 0.5000
2
0 < 1.5000
0
4
1
4 4
0 > 1.5000
0
2
1
2 1
32 > 1.5000
0
3
1
3 74
20 > 0.5000
2
14 < 0.5000
2
21 < 0.5000
2
12 < 0.5000
2
2 < 1.5000
0
6
1
6 3
2 > 1.5000
0
1
1
1 3
12 > 0.5000
0
2
1
2 5
21 > 0.5000
0
1
1
1 110
14 > 0.5000
0
5
1
5 52
-1 = -1
2
20 < 0.5000
2
32 < 1.5000
2
4 < 0.5000
2
6 < 1.5000
2
15 < 0.5000
2
1 < 1.5000
0
5
1
5 2
1 > 1.5000
0
4
1
4 1
15 > 0.5000
2
3 < 1.5000
2
27 < 1.5000
2
3 < 0.5000
0
6
1
6 1
3 > 0.5000
0
4
1
4 1
27 > 1.5000
2
2 < 1.5000
2
31 < 1.5000
0
2
1
2 6
31 > 1.5000
2
0 < 2.5000
0
4
1
4 5
0 > 2.5000
0
2
1
2 1
2 > 1.5000
0
2
1
2 10
3 > 1.5000
0
2
1
2 27
6 > 1.5000
0
6
1
6 20
4 > 0.5000
0
4
1
4 46
32 > 1.5000
2
9 < 0.5000
0
3
1
3 73
9 > 0.5000
0
2
1
2 2
20 > 0.5000
2
14 < 0.5000
2
27 < 0.5000
0
1
1
1 112
27 > 0.5000
2
6 < 0.5000
0
2
1
2 8
6 > 0.5000
0
6
1
6 3
14 > 0.5000
0
5
1
5 48
-1 = -1
2
20 < 0.5000
2
26 < 0.5000
2
4 < 0.5000
2
30 < 0.5000
2
14 < 0.5000
2
3 < 1.5000
2
25 < 0.5000
2
31 < 1.5000
0
2
1
2 9
31 > 1.5000
2
27 < 2.5000
2
8 < 0.5000
0
4
1
4 4
8 > 0.5000
0
2
1
2 1
27 > 2.5000
0
2
1
2 3
25 > 0.5000
0
4
1
4 3
3 > 1.5000
0
2
1
2 34
14 > 0.5000
0
5
1
5 4
30 > 0.5000
0
6
1
6 19
4 > 0.5000
2
33 < 20.5000
2
1 < 1.5000
0
4
1
4 4
1 > 1.5000
0
2
1
2 1
33 > 20.5000
0
4
1
4 40
26 > 0.5000
0
3
1
3 71
20 > 0.5000
2
14 < 0.5000
2
27 < 0.5000
2
6 < 2.5000
0
1
1
1 117
6 > 2.5000
0
6
1
6 1
27 > 0.5000
2
6 < 0.5000
0
2
1
2 5
6 > 0.5000
0
6
1
6 1
14 > 0.5000
0
5
1
5 49
-1 = -1
2
20 < 0.5000
2
26 < 0.5000
2
6 < 0.5000
2
4 < 0.5000
2
14 < 1.0000
2
3 < 0.5000
2
12 < 0.5000
2
33 < 24.5000
0
2
1
2 2
33 > 24.5000
2
8 < 0.5000
0
4
1
4 8
8 > 0.5000
0
2
1
2 1
12 > 0.5000
0
2
1
2 5
3 > 0.5000
2
15 < 0.5000
0
4
1
4 1
15 > 0.5000
0
2
1
2 45
14 > 1.0000
0
5
1
5 6
4 > 0.5000
2
13 < 0.5000
0
4
1
4 41
13 > 0.5000
2
1 < 1.5000
0
4
1
4 4
1 > 1.5000
0
2
1
2 2
6 > 0.5000
0
6
1
6 25
26 > 0.5000
0
3
1
3 70
20 > 0.5000
2
14 < 0.5000
2
27 < 0.5000
0
1
1
1 106
27 > 0.5000
2
0 < 2.5000
0
6
1
6 1
0 > 2.5000
0
2
1
2 5
14 > 0.5000
0
5
1
5 44
-1 = -1
2
19 < 0.5000
2
32 < 1.0000
2
14 < 0.5000
2
4 < 0.5000
2
6 < 0.5000
2
25 < 0.5000
2
17 < 0.5000
2
20 < 2.5000
0
2
1
2 55
20 > 2.5000
0
1
1
1 1
17 > 0.5000
2
13 < 0.5000
2
18 < 0.5000
0
2
1
2 1
18 > 0.5000
0
4
1
4 5
13 > 0.5000
0
2
1
2 9
25 > 0.5000
0
4
1
4 6
6 > 0.5000
0
6
1
6 17
4 > 0.5000
2
33 < 20.5000
2
1 < 1.5000
0
4
1
4 2
1 > 1.5000
0
2
1
2 1
33 > 20.5000
0
4
1
4 40
14 > 0.5000
0
5
1
5 51
32 > 1.0000
0
3
1
3 63
19 > 0.5000
2
29 < 0.5000
2
2 < 0.5000
0
5
1
5 2
2 > 0.5000
0
1
1
1 108
29 > 0.5000
0
6
1
6 5
-1 = -1
2
20 < 0.5000
2
11 < 0.5000
2
30 < 0.5000
2
13 < 0.5000
2
14 < 0.5000
2
4 < 0.5000
2
27 < 1.5000
0
4
1
4 9
27 > 1.5000
2
25 < 0.5000
0
2
1
2 7
25 > 0.5000
0
4
1
4 1
4 > 0.5000
0
4
1
4 24
14 > 0.5000
0
5
1
5 3
13 > 0.5000
2
1 < 1.5000
2
12 < 0.5000
0
4
1
4 6
12 > 0.5000
0
2
1
2 3
1 > 1.5000
2
0 < 1.5000
0
4
1
4 1
0 > 1.5000
0
2
1
2 50
30 > 0.5000
0
6
1
6 12
11 > 0.5000
0
3
1
3 79
20 > 0.5000
2
14 < 0.5000
2
19 < 0.5000
0
2
1
2 5
19 > 0.5000
0
1
1
1 111
14 > 0.5000
0
5
1
5 55
-1 = -1
2
20 < 0.5000
2
5 < 1.0000
2
30 < 0.5000
2
4 < 0.5000
2
14 < 0.5000
2
25 < 0.5000
2
17 < 1.5000
0
2
1
2 51
17 > 1.5000
0
4
1
4 1
25 > 0.5000
0
4
1
4 4
14 > 0.5000
0
5
1
5 10
4 > 0.5000
2
13 < 0.5000
0
4
1
4 38
13 > 0.5000
2
1 < 1.5000
0
4
1
4 3
1 > 1.5000
0
2
1
2 2
30 > 0.5000
0
6
1
6 22
5 > 1.0000
0
3
1
3 75
20 > 0.5000
2
14 < 0.5000
2
27 < 0.5000
0
1
1
1 113
27 > 0.5000
2
6 < 0.5000
0
2
1
2 3
6 > 0.5000
0
6
1
6 1
14 > 0.5000
0
5
1
5 43
-1 = -1
2
21 < 0.5000
2
11 < 0.5000
2
14 < 0.5000
2
8 < 0.5000
2
4 < 0.5000
2
25 < 0.5000
0
2
1
2 44
25 > 0.5000
0
4
1
4 5
4 > 0.5000
2
33 < 20.5000
2
1 < 1.5000
0
4
1
4 2
1 > 1.5000
0
2
1
2 2
33 > 20.5000
0
4
1
4 37
8 > 0.5000
2
6 < 0.5000
2
0 < 2.5000
0
2
1
2 1
0 > 2.5000
0
1
1
1 1
6 > 0.5000
0
6
1
6 26
14 > 0.5000
0
5
1
5 61
11 > 0.5000
0
3
1
3 63
21 > 0.5000
2
27 < 0.5000
0
1
1
1 122
27 > 0.5000
2
0 < 2.5000
0
5
1
5 1
0 > 2.5000
0
2
1
2 1
-1 = -1
2
20 < 0.5000
2
32 < 1.5000
2
6 < 0.5000
2
4 < 0.5000
2
25 < 0.5000
2
14 < 1.0000
2
17 < 1.5000
0
2
1
2 39
17 > 1.5000
2
0 < 2.5000
0
4
1
4 1
0 > 2.5000
0
2
1
2 1
14 > 1.0000
0
5
1
5 2
25 > 0.5000
0
4
1
4 8
4 > 0.5000
0
4
1
4 39
6 > 0.5000
2
8 < 0.5000
0
2
1
2 1
8 > 0.5000
0
6
1
6 25
32 > 1.5000
2
9 < 0.5000
0
3
1
3 69
9 > 0.5000
0
2
1
2 1
20 > 0.5000
2
14 < 0.5000
2
27 < 0.5000
0
1
1
1 109
27 > 0.5000
2
6 < 0.5000
0
2
1
2 7
6 > 0.5000
0
6
1
6 3
14 > 0.5000
0
5
1
5 61
-1 = -1
2
20 < 0.5000
2
5 < 0.5000
2
4 < 0.5000
2
6 < 1.5000
2
14 < 0.5000
2
25 < 0.5000
2
33 < 58.5000
2
17 < 0.5000
0
2
1
2 50
17 > 0.5000
2
13 < 0.5000
2
27 < 2.5000
0
4
1
4 2
27 > 2.5000
0
2
1
2 1
13 > 0.5000
0
2
1
2 5
33 > 58.5000
2
0 < 1.5000
0
4
1
4 2
0 > 1.5000
0
2
1
2 1
25 > 0.5000
0
4
1
4 4
14 > 0.5000
0
5
1
5 6
6 > 1.5000
0
6
1
6 16
4 > 0.5000
2
13 < 0.5000
0
4
1
4 32
13 > 0.5000
2
0 < 1.5000
0
4
1
4 4
0 > 1.5000
0
2
1
2 1
5 > 0.5000
0
3
1
3 66
20 > 0.5000
2
14 < 0.5000
2
27 < 0.5000
0
1
1
1 109
27 > 0.5000
2
6 < 0.5000
0
2
1
2 8
6 > 0.5000
0
6
1
6 1
14 > 0.5000
0
5
1
5 58
-1 = -1
2
20 < 0.5000
2
32 < 1.0000
2
30 < 1.5000
2
4 < 0.5000
2
25 < 0.5000
2
33 < 58.5000
2
17 < 1.5000
0
2
1
2 53
17 > 1.5000
2
0 < 2.5000
0
4
1
4 1
0 > 2.5000
0
2
1
2 1
33 > 58.5000
2
0 < 1.5000
0
4
1
4 2
0 > 1.5000
2
1 < 1.5000
0
5
1
5 1
1 > 1.5000
0
2
1
2 1
25 > 0.5000
0
4
1
4 7
4 > 0.5000
2
33 < 20.5000
2
13 < 0.5000
0
4
1
4 4
13 > 0.5000
0
2
1
2 1
33 > 20.5000
0
4
1
4 36
30 > 1.5000
0
6
1
6 25
32 > 1.0000
2
31 < 0.5000
0
2
1
2 1
31 > 0.5000
0
3
1
3 62
20 > 0.5000
2
14 < 0.5000
2
27 < 0.5000
2
6 < 2.0000
0
1
1
1 108
6 > 2.0000
0
6
1
6 1
27 > 0.5000
2
6 < 0.5000
0
2
1
2 10
6 > 0.5000
0
6
1
6 1
14 > 0.5000
0
5
1
5 51
-1 = -1
2
20 < 0.5000
2
32 < 1.5000
2
4 < 0.5000
2
6 < 1.5000
2
25 < 0.5000
2
14 < 0.5000
2
17 < 0.5000
0
2
1
2 41
17 > 0.5000
2
17 < 1.5000
2
3 < 0.5000
2
0 < 1.5000
0
2
1
2 1
0 > 1.5000
0
4
1
4 1
3 > 0.5000
0
2
1
2 3
17 > 1.5000
0
4
1
4 1
14 > 0.5000
0
5
1
5 4
25 > 0.5000
0
4
1
4 6
6 > 1.5000
0
6
1
6 16
4 > 0.5000
2
13 < 0.5000
0
4
1
4 36
13 > 0.5000
2
0 < 1.5000
0
4
1
4 3
0 > 1.5000
0
2
1
2 1
32 > 1.5000
0
3
1
3 66
20 > 0.5000
2
14 < 0.5000
2
27 < 0.5000
0
1
1
1 128
27 > 0.5000
2
6 < 0.5000
0
2
1
2 4
6 > 0.5000
0
6
1
6 1
14 > 0.5000
0
5
1
5 54
-1 = -1
2
20 < 0.5000
2
32 < 1.0000
2
4 < 0.5000
2
6 < 0.5000
2
14 < 1.0000
2
25 < 0.5000
2
13 < 0.5000
2
18 < 0.5000
0
2
1
2 5
18 > 0.5000
0
4
1
4 1
13 > 0.5000
0
2
1
2 35
25 > 0.5000
0
4
1
4 3
14 > 1.0000
0
5
1
5 4
6 > 0.5000
0
6
1
6 20
4 > 0.5000
2
13 < 0.5000
0
4
1
4 45
13 > 0.5000
2
1 < 1.5000
0
4
1
4 5
1 > 1.5000
0
2
1
2 3
32 > 1.0000
0
3
1
3 77
20 > 0.5000
2
14 < 0.5000
2
27 < 0.5000
2
6 < 2.5000
0
1
1
1 106
6 > 2.5000
0
6
1
6 2
27 > 0.5000
2
6 < 0.5000
0
2
1
2 7
6 > 0.5000
0
6
1
6 2
14 > 0.5000
0
5
1
5 51
-1 = -1
2
19 < 0.5000
2
11 < 0.5000
2
14 < 0.5000
2
4 < 0.5000
2
6 < 0.5000
2
3 < 0.5000
2
18 < 1.5000
2
13 < 1.5000
0
4
1
4 8
13 > 1.5000
0
1
1
1 1
18 > 1.5000
2
0 < 1.5000
0
1
1
1 1
0 > 1.5000
0
2
1
2 5
3 > 0.5000
2
25 < 0.5000
0
2
1
2 56
25 > 0.5000
0
4
1
4 1
6 > 0.5000
0
6
1
6 20
4 > 0.5000
0
4
1
4 43
14 > 0.5000
0
5
1
5 44
11 > 0.5000
0
3
1
3 73
19 > 0.5000
2
29 < 0.5000
0
1
1
1 112
29 > 0.5000
0
6
1
6 2
-1 = -1
2
19 < 0.5000
2
26 < 0.5000
2
14 < 0.5000
2
4 < 0.5000
2
30 < 1.5000
2
25 < 0.5000
2
0 < 1.5000
2
15 < 1.5000
2
1 < 2.0000
0
4
1
4 2
1 > 2.0000
0
1
1
1 1
15 > 1.5000
0
2
1
2 4
0 > 1.5000
0
2
1
2 60
25 > 0.5000
0
4
1
4 9
30 > 1.5000
0
6
1
6 16
4 > 0.5000
2
13 < 0.5000
0
4
1
4 43
13 > 0.5000
2
0 < 1.5000
0
4
1
4 3
0 > 1.5000
0
2
1
2 1
14 > 0.5000
0
5
1
5 41
26 > 0.5000
0
3
1
3 76
19 > 0.5000
2
27 < 0.5000
2
6 < 2.0000
0
1
1
1 104
6 > 2.0000
0
6
1
6 1
27 > 0.5000
2
1 < 1.5000
0
5
1
5 4
1 > 1.5000
0
6
1
6 1
-1 = -1
2
19 < 0.5000
2
11 < 0.5000
2
14 < 0.5000
2
6 < 0.5000
2
4 < 0.5000
2
25 < 0.5000
2
3 < 0.5000
2
12 < 0.5000
2
0 < 2.5000
0
4
1
4 6
0 > 2.5000
2
15 < 1.0000
0
1
1
1 1
15 > 1.0000
0
2
1
2 1
12 > 0.5000
0
2
1
2 10
3 > 0.5000
2
17 < 1.5000
0
2
1
2 49
17 > 1.5000
2
0 < 2.5000
0
4
1
4 1
0 > 2.5000
0
2
1
2 1
25 > 0.5000
0
4
1
4 6
4 > 0.5000
2
13 < 0.5000
0
4
1
4 37
13 > 0.5000
2
0 < 1.5000
0
4
1
4 2
0 > 1.5000
0
2
1
2 2
6 > 0.5000
0
6
1
6 16
14 > 0.5000
0
5
1
5 48
11 > 0.5000
0
3
1
3 71
19 > 0.5000
2
27 < 0.5000
0
1
1
1 111
27 > 0.5000
0
6
1
6 4
-1 = -1
2
19 < 0.5000
2
5 < 1.0000
2
14 < 0.5000
2
4 < 0.5000
2
6 < 0.5000
2
25 < 0.5000
2
21 < 1.0000
2
3 < 0.5000
2
0 < 2.5000
2
12 < 0.5000
0
4
1
4 2
12 > 0.5000
0
2
1
2 2
0 > 2.5000
0
2
1
2 3
3 > 0.5000
0
2
1
2 46
21 > 1.0000
0
1
1
1 2
25 > 0.5000
0
4
1
4 8
6 > 0.5000
2
0 < 1.5000
0
2
1
2 1
0 > 1.5000
0
6
1
6 17
4 > 0.5000
2
13 < 0.5000
0
4
1
4 34
13 > 0.5000
2
3 < 1.0000
0
4
1
4 6
3 > 1.0000
0
2
1
2 1
14 > 0.5000
0
5
1
5 44
5 > 1.0000
0
3
1
3 68
19 > 0.5000
2
27 < 0.5000
2
6 < 2.5000
0
1
1
1 127
6 > 2.5000
0
6
1
6 1
27 > 0.5000
2
0 < 1.5000
0
5
1
5 3
0 > 1.5000
0
6
1
6 1
-1 = -1
2
19 < 0.5000
2
32 < 1.5000
2
14 < 0.5000
2
4 < 0.5000
2
6 < 0.5000
2
3 < 1.5000
2
27 < 1.5000
0
4
1
4 5
27 > 1.5000
2
25 < 0.5000
2
3 < 0.5000
2
33 < 33.5000
0
4
1
4 2
33 > 33.5000
0
2
1
2 4
3 > 0.5000
0
2
1
2 14
25 > 0.5000
0
4
1
4 3
3 > 1.5000
0
2
1
2 43
6 > 0.5000
2
8 < 0.5000
0
2
1
2 1
8 > 0.5000
0
6
1
6 11
4 > 0.5000
2
13 < 0.5000
0
4
1
4 47
13 > 0.5000
2
3 < 1.0000
0
4
1
4 4
3 > 1.0000
0
2
1
2 2
14 > 0.5000
0
5
1
5 40
32 > 1.5000
2
31 < 0.5000
0
2
1
2 1
31 > 0.5000
0
3
1
3 71
19 > 0.5000
2
27 < 0.5000
0
1
1
1 115
27 > 0.5000
2
1 < 1.5000
0
5
1
5 2
1 > 1.5000
0
6
1
6 1
-1 = -1
2
20 < 0.5000
2
26 < 0.5000
2
4 < 0.5000
2
30 < 0.5000
2
25 < 0.5000
2
14 < 1.5000
2
17 < 1.5000
2
3 < 0.5000
2
33 < 56.5000
2
2 < 1.5000
2
0 < 1.5000
0
2
1
2 3
0 > 1.5000
0
4
1
4 1
2 > 1.5000
0
2
1
2 6
33 > 56.5000
0
4
1
4 1
3 > 0.5000
0
2
1
2 34
17 > 1.5000
0
4
1
4 1
14 > 1.5000
0
5
1
5 2
25 > 0.5000
0
4
1
4 5
30 > 0.5000
0
6
1
6 12
4 > 0.5000
2
13 < 0.5000
0
4
1
4 36
13 > 0.5000
2
1 < 1.5000
0
4
1
4 3
1 > 1.5000
0
2
1
2 1
26 > 0.5000
0
3
1
3 78
20 > 0.5000
2
14 < 0.5000
2
27 < 0.5000
2
6 < 2.0000
0
1
1
1 116
6 > 2.0000
0
6
1
6 1
27 > 0.5000
2
0 < 2.5000
0
6
1
6 1
0 > 2.5000
0
2
1
2 3
14 > 0.5000
0
5
1
5 62
-1 = -1
2
20 < 0.5000
2
32 < 1.5000
2
6 < 1.5000
2
4 < 0.5000
2
14 < 0.5000
2
25 < 0.5000
2
33 < 58.5000
0
2
1
2 63
33 > 58.5000
2
0 < 1.5000
0
4
1
4 4
0 > 1.5000
0
2
1
2 1
25 > 0.5000
0
4
1
4 6
14 > 0.5000
0
5
1
5 4
4 > 0.5000
2
33 < 21.0000
2
1 < 1.5000
0
4
1
4 1
1 > 1.5000
0
2
1
2 1
33 > 21.0000
0
4
1
4 32
6 > 1.5000
0
6
1
6 20
32 > 1.5000
0
3
1
3 82
20 > 0.5000
2
14 < 0.5000
2
19 < 0.5000
2
13 < 2.5000
2
0 < 2.5000
0
6
1
6 2
0 > 2.5000
0
2
1
2 2
13 > 2.5000
0
1
1
1 4
19 > 0.5000
0
1
1
1 100
14 > 0.5000
0
5
1
5 44
-1 = -1
2
21 < 0.5000
2
32 < 1.5000
2
14 < 0.5000
2
4 < 0.5000
2
6 < 0.5000
2
3 < 0.5000
2
12 < 0.5000
2
8 < 1.5000
0
4
1
4 6
8 > 1.5000
0
1
1
1 2
12 > 0.5000
0
2
1
2 4
3 > 0.5000
0
2
1
2 50
6 > 0.5000
2
0 < 1.5000
0
2
1
2 1
0 > 1.5000
0
6
1
6 20
4 > 0.5000
2
3 < 1.5000
0
4
1
4 37
3 > 1.5000
2
13 < 0.5000
0
4
1
4 5
13 > 0.5000
0
2
1
2 1
14 > 0.5000
0
5
1
5 42
32 > 1.5000
0
3
1
3 76
21 > 0.5000
2
27 < 0.5000
0
1
1
1 119
27 > 0.5000
2
0 < 2.5000
0
5
1
5 1
0 > 2.5000
0
2
1
2 2
-1 = -1
2
21 < 0.5000
2
32 < 1.5000
2
14 < 0.5000
2
4 < 0.5000
2
6 < 0.5000
2
25 < 0.5000
2
3 < 1.5000
2
31 < 1.5000
0
2
1
2 14
31 > 1.5000
2
0 < 2.5000
2
8 < 0.5000
2
18 < 0.5000
0
2
1
2 1
18 > 0.5000
0
4
1
4 3
8 > 0.5000
0
2
1
2 1
0 > 2.5000
0
2
1
2 3
3 > 1.5000
0
2
1
2 45
25 > 0.5000
2
2 < 2.5000
0
4
1
4 7
2 > 2.5000
0
1
1
1 3
6 > 0.5000
2
0 < 1.5000
0
2
1
2 2
0 > 1.5000
0
6
1
6 11
4 > 0.5000
0
4
1
4 43
14 > 0.5000
0
5
1
5 60
32 > 1.5000
0
3
1
3 67
21 > 0.5000
2
27 < 0.5000
0
1
1
1 103
27 > 0.5000
2
0 < 2.5000
0
5
1
5 1
0 > 2.5000
0
2
1
2 2
-1 = -1
2
20 < 0.5000
2
26 < 0.5000
2
30 < 0.5000
2
4 < 0.5000
2
25 < 0.5000
2
14 < 1.0000
2
17 < 0.5000
0
2
1
2 52
17 > 0.5000
2
33 < 26.0000
0
2
1
2 4
33 > 26.0000
2
0 < 1.5000
0
2
1
2 1
0 > 1.5000
0
4
1
4 2
14 > 1.0000
0
5
1
5 3
25 > 0.5000
0
4
1
4 5
4 > 0.5000
2
13 < 0.5000
0
4
1
4 28
13 > 0.5000
2
0 < 1.5000
0
4
1
4 2
0 > 1.5000
0
2
1
2 1
30 > 0.5000
0
6
1
6 23
26 > 0.5000
0
3
1
3 75
20 > 0.5000
2
14 < 0.5000
2
27 < 0.5000
2
6 < 2.0000
0
1
1
1 113
6 > 2.0000
0
6
1
6 1
27 > 0.5000
2
2 < 1.5000
0
6
1
6 1
2 > 1.5000
0
2
1
2 7
14 > 0.5000
0
5
1
5 48
-1 = -1
2
19 < 0.5000
2
26 < 0.5000
2
14 < 0.5000
2
4 < 0.5000
2
6 < 0.5000
2
21 < 1.5000
2
25 < 0.5000
2
33 < 58.5000
0
2
1
2 57
33 > 58.5000
2
0 < 1.5000
0
4
1
4 1
0 > 1.5000
0
2
1
2 1
25 > 0.5000
0
4
1
4 4
21 > 1.5000
0
1
1
1 5
6 > 0.5000
0
6
1
6 23
4 > 0.5000
0
4
1
4 45
14 > 0.5000
0
5
1
5 50
26 > 0.5000
0
3
1
3 63
19 > 0.5000
2
27 < 0.5000
0
1
1
1 115
27 > 0.5000
0
6
1
6 2
-1 = -1
2
21 < 0.5000
2
26 < 0.5000
2
14 < 0.5000
2
6 < 0.5000
2
4 < 0.5000
2
25 < 0.5000
0
2
1
2 73
25 > 0.5000
2
8 < 1.5000
0
4
1
4 8
8 > 1.5000
0
1
1
1 1
4 > 0.5000
2
3 < 1.5000
0
4
1
4 34
3 > 1.5000
2
13 < 0.5000
0
4
1
4 5
13 > 0.5000
0
2
1
2 2
6 > 0.5000
2
12 < 0.5000
0
6
1
6 22
12 > 0.5000
0
2
1
2 1
14 > 0.5000
0
5
1
5 48
26 > 0.5000
0
3
1
3 71
21 > 0.5000
2
2 < 0.5000
0
5
1
5 1
2 > 0.5000
0
1
1
1 100
-1 = -1
2
20 < 0.5000
2
26 < 0.5000
2
4 < 0.5000
2
6 < 1.5000
2
25 < 0.5000
2
14 < 1.0000
2
33 < 61.5000
0
2
1
2 57
33 > 61.5000
0
4
1
4 1
14 > 1.0000
0
5
1
5 2
25 > 0.5000
0
4
1
4 5
6 > 1.5000
0
6
1
6 21
4 > 0.5000
0
4
1
4 44
26 > 0.5000
0
3
1
3 59
20 > 0.5000
2
14 < 0.5000
2
27 < 0.5000
2
6 < 2.5000
0
1
1
1 126
6 > 2.5000
0
6
1
6 1
27 > 0.5000
2
0 < 2.5000
0
6
1
6 1
0 > 2.5000
0
2
1
2 7
14 > 0.5000
0
5
1
5 42
-1 = -1
2
19 < 0.5000
2
28 < 0.5000
2
14 < 0.5000
2
6 < 0.5000
2
4 < 0.5000
2
25 < 0.5000
2
3 < 0.5000
2
33 < 53.5000
2
33 < 30.0000
2
0 < 2.5000
0
4
1
4 2
0 > 2.5000
0
2
1
2 1
33 > 30.0000
0
2
1
2 12
33 > 53.5000
2
0 < 2.0000
0
4
1
4 2
0 > 2.0000
0
1
1
1 1
3 > 0.5000
0
2
1
2 52
25 > 0.5000
0
4
1
4 6
4 > 0.5000
2
3 < 1.5000
0
4
1
4 29
3 > 1.5000
2
16 < 1.0000
0
4
1
4 3
16 > 1.0000
2
2 < 2.0000
0
2
1
2 2
2 > 2.0000
0
3
1
3 1
6 > 0.5000
2
12 < 0.5000
0
6
1
6 16
12 > 0.5000
0
2
1
2 1
14 > 0.5000
0
5
1
5 45
28 > 0.5000
0
3
1
3 79
19 > 0.5000
2
27 < 0.5000
0
1
1
1 109
27 > 0.5000
2
1 < 1.5000
0
5
1
5 3
1 > 1.5000
0
6
1
6 2
-1 = -1
2
20 < 0.5000
2
26 < 0.5000
2
30 < 0.5000
2
4 < 0.5000
2
13 < 0.5000
2
14 < 0.5000
2
25 < 0.5000
2
17 < 0.5000
0
2
1
2 6
17 > 0.5000
2
33 < 26.0000
0
2
1
2 2
33 > 26.0000
0
4
1
4 3
25 > 0.5000
0
4
1
4 7
14 > 0.5000
0
5
1
5 4
13 > 0.5000
2
33 < 58.5000
0
2
1
2 45
33 > 58.5000
0
4
1
4 2
4 > 0.5000
0
4
1
4 45
30 > 0.5000
2
3 < 1.5000
0
6
1
6 23
3 > 1.5000
0
2
1
2 1
26 > 0.5000
0
3
1
3 80
20 > 0.5000
2
14 < 0.5000
2
27 < 0.5000
2
6 < 2.0000
0
1
1
1 92
6 > 2.0000
0
6
1
6 1
27 > 0.5000
0
2
1
2 10
14 > 0.5000
0
5
1
5 45
-1 = -1
2
20 < 0.5000
2
28 < 0.5000
2
6 < 0.5000
2
4 < 0.5000
2
25 < 0.5000
2
17 < 1.5000
2
33 < 58.5000
0
2
1
2 56
33 > 58.5000
0
4
1
4 1
17 > 1.5000
2
0 < 1.0000
0
5
1
5 1
0 > 1.0000
0
4
1
4 2
25 > 0.5000
0
4
1
4 10
4 > 0.5000
2
3 < 1.5000
0
4
1
4 41
3 > 1.5000
2
2 < 0.5000
0
4
1
4 3
2 > 0.5000
0
2
1
2 1
6 > 0.5000
2
3 < 1.5000
0
6
1
6 24
3 > 1.5000
0
5
1
5 2
28 > 0.5000
2
13 < 0.5000
0
3
1
3 56
13 > 0.5000
0
4
1
4 1
20 > 0.5000
2
14 < 0.5000
2
27 < 0.5000
2
6 < 2.5000
0
1
1
1 113
6 > 2.5000
0
6
1
6 2
27 > 0.5000
0
2
1
2 5
14 > 0.5000
0
5
1
5 48
-1 = -1
2
20 < 0.5000
2
32 < 1.0000
2
6 < 0.5000
2
4 < 0.5000
2
25 < 0.5000
2
14 < 1.0000
2
17 < 1.5000
2
3 < 0.5000
2
0 < 2.5000
2
1 < 2.5000
0
4
1
4 2
1 > 2.5000
0
2
1
2 2
0 > 2.5000
0
2
1
2 5
3 > 0.5000
0
2
1
2 53
17 > 1.5000
2
0 < 2.5000
0
4
1
4 3
0 > 2.5000
0
2
1
2 2
14 > 1.0000
0
5
1
5 2
25 > 0.5000
0
4
1
4 6
4 > 0.5000
0
4
1
4 36
6 > 0.5000
2
8 < 0.5000
0
2
1
2 1
8 > 0.5000
0
6
1
6 24
32 > 1.0000
2
28 < 0.5000
2
0 < 1.5000
0
2
1
2 2
0 > 1.5000
0
3
1
3 1
28 > 0.5000
0
3
1
3 51
20 > 0.5000
2
14 < 0.5000
2
27 < 0.5000
2
6 < 2.5000
0
1
1
1 107
6 > 2.5000
0
6
1
6 1
27 > 0.5000
2
6 < 0.5000
0
2
1
2 9
6 > 0.5000
0
6
1
6 2
14 > 0.5000
0
5
1
5 57
-1 = -1
2
21 < 0.5000
2
26 < 0.5000
2
14 < 0.5000
2
6 < 1.5000
2
4 < 0.5000
2
17 < 0.5000
2
2 < 2.5000
2
33 < 61.5000
0
2
1
2 54
33 > 61.5000
0
4
1
4 1
2 > 2.5000
0
1
1
1 1
17 > 0.5000
2
13 < 0.5000
2
27 < 2.5000
2
33 < 53.0000
0
4
1
4 5
33 > 53.0000
0
2
1
2 1
27 > 2.5000
0
2
1
2 2
13 > 0.5000
0
2
1
2 5
4 > 0.5000
2
13 < 0.5000
0
4
1
4 37
13 > 0.5000
2
3 < 1.0000
0
4
1
4 4
3 > 1.0000
0
2
1
2 4
6 > 1.5000
0
6
1
6 18
14 > 0.5000
0
5
1
5 40
26 > 0.5000
0
3
1
3 69
21 > 0.5000
2
2 < 0.5000
0
5
1
5 1
2 > 0.5000
0
1
1
1 124
-1 = -1
2
20 < 0.5000
2
32 < 1.0000
2
4 < 0.5000
2
6 < 1.5000
2
14 < 1.0000
2
25 < 0.5000
2
17 < 1.5000
0
2
1
2 48
17 > 1.5000
2
0 < 2.5000
0
4
1
4 1
0 > 2.5000
0
2
1
2 1
25 > 0.5000
0
4
1
4 6
14 > 1.0000
0
5
1
5 5
6 > 1.5000
0
6
1
6 14
4 > 0.5000
2
13 < 0.5000
0
4
1
4 43
13 > 0.5000
2
3 < 1.0000
0
4
1
4 4
3 > 1.0000
0
2
1
2 2
32 > 1.0000
0
3
1
3 75
20 > 0.5000
2
14 < 0.5000
2
27 < 1.0000
2
6 < 2.5000
0
1
1
1 106
6 > 2.5000
0
6
1
6 1
27 > 1.0000
0
2
1
2 6
14 > 0.5000
0
5
1
5 54
-1 = -1
2
20 < 0.5000
2
26 < 0.5000
2
4 < 0.5000
2
6 < 1.0000
2
25 < 0.5000
2
14 < 1.0000
2
17 < 1.5000
2
33 < 61.5000
0
2
1
2 55
33 > 61.5000
2
0 < 1.5000
0
4
1
4 1
0 > 1.5000
0
2
1
2 2
17 > 1.5000
2
0 < 2.5000
0
4
1
4 2
0 > 2.5000
0
2
1
2 2
14 > 1.0000
0
5
1
5 4
25 > 0.5000
0
4
1
4 7
6 > 1.0000
0
6
1
6 16
4 > 0.5000
0
4
1
4 44
26 > 0.5000
0
3
1
3 70
20 > 0.5000
2
14 < 0.5000
2
27 < 0.5000
0
1
1
1 106
27 > 0.5000
0
2
1
2 8
14 > 0.5000
0
5
1
5 49
-1 = -1
2
20 < 0.5000
2
26 < 0.5000
2
6 < 1.0000
2
4 < 0.5000
2
25 < 0.5000
2
14 < 1.0000
2
1 < 1.5000
2
3 < 1.0000
0
4
1
4 1
3 > 1.0000
0
2
1
2 2
1 > 1.5000
0
2
1
2 37
14 > 1.0000
0
5
1
5 3
25 > 0.5000
0
4
1
4 6
4 > 0.5000
2
13 < 0.5000
0
4
1
4 35
13 > 0.5000
2
3 < 1.0000
0
4
1
4 2
3 > 1.0000
0
2
1
2 1
6 > 1.0000
0
6
1
6 23
26 > 0.5000
0
3
1
3 73
20 > 0.5000
2
14 < 0.5000
2
27 < 0.5000
2
6 < 2.5000
0
1
1
1 122
6 > 2.5000
0
6
1
6 2
27 > 0.5000
2
6 < 0.5000
0
2
1
2 8
6 > 0.5000
0
6
1
6 1
14 > 0.5000
0
5
1
5 50
-1 = -1
2
20 < 0.5000
2
26 < 0.5000
2
6 < 0.5000
2
4 < 0.5000
2
25 < 0.5000
2
14 < 1.0000
2
17 < 0.5000
2
33 < 61.5000
0
2
1
2 42
33 > 61.5000
0
4
1
4 1
17 > 0.5000
2
18 < 0.5000
0
2
1
2 5
18 > 0.5000
2
27 < 2.5000
0
4
1
4 5
27 > 2.5000
0
2
1
2 1
14 > 1.0000
0
5
1
5 2
25 > 0.5000
0
4
1
4 6
4 > 0.5000
2
33 < 20.5000
2
13 < 0.5000
0
4
1
4 4
13 > 0.5000
0
2
1
2 2
33 > 20.5000
0
4
1
4 34
6 > 0.5000
0
6
1
6 24
26 > 0.5000
0
3
1
3 76
20 > 0.5000
2
14 < 0.5000
2
27 < 0.5000
0
1
1
1 111
27 > 0.5000
2
6 < 0.5000
0
2
1
2 12
6 > 0.5000
0
6
1
6 1
14 > 0.5000
0
5
1
5 40
-1 = -1
2
21 < 0.5000
2
11 < 0.5000
2
14 < 0.5000
2
6 < 0.5000
2
4 < 0.5000
2
25 < 0.5000
2
3 < 0.5000
2
2 < 1.5000
2
8 < 0.5000
0
4
1
4 3
8 > 0.5000
0
2
1
2 1
2 > 1.5000
0
2
1
2 3
3 > 0.5000
2
17 < 1.5000
0
2
1
2 48
17 > 1.5000
2
0 < 2.5000
0
4
1
4 1
0 > 2.5000
0
2
1
2 1
25 > 0.5000
0
4
1
4 5
4 > 0.5000
2
3 < 1.5000
0
4
1
4 41
3 > 1.5000
2
2 < 0.5000
0
4
1
4 2
2 > 0.5000
0
2
1
2 2
6 > 0.5000
0
6
1
6 19
14 > 0.5000
0
5
1
5 56
11 > 0.5000
0
3
1
3 80
21 > 0.5000
2
2 < 0.5000
0
5
1
5 1
2 > 0.5000
0
1
1
1 103
-1 = -1
2
20 < 0.5000
2
11 < 0.5000
2
4 < 0.5000
2
8 < 0.5000
2
14 < 0.5000
2
25 < 0.5000
2
3 < 0.5000
2
12 < 0.5000
2
0 < 2.5000
0
4
1
4 2
0 > 2.5000
0
2
1
2 2
12 > 0.5000
0
2
1
2 8
3 > 0.5000
0
2
1
2 41
25 > 0.5000
0
4
1
4 6
14 > 0.5000
0
5
1
5 5
8 > 0.5000
0
6
1
6 14
4 > 0.5000
0
4
1
4 46
11 > 0.5000
0
3
1
3 70
20 > 0.5000
2
14 < 0.5000
2
27 < 0.5000
0
1
1
1 111
27 > 0.5000
0
2
1
2 11
14 > 0.5000
0
5
1
5 50
-1 = -1
2
20 < 0.5000
2
32 < 1.0000
2
6 < 0.5000
2
4 < 0.5000
2
25 < 0.5000
2
14 < 1.5000
2
33 < 61.5000
0
2
1
2 48
33 > 61.5000
2
0 < 1.5000
0
4
1
4 1
0 > 1.5000
0
2
1
2 1
14 > 1.5000
0
5
1
5 4
25 > 0.5000
0
4
1
4 9
4 > 0.5000
2
13 < 0.5000
0
4
1
4 37
13 > 0.5000
2
0 < 1.5000
0
4
1
4 4
0 > 1.5000
0
2
1
2 1
6 > 0.5000
0
6
1
6 20
32 > 1.0000
0
3
1
3 73
20 > 0.5000
2
14 < 0.5000
2
27 < 0.5000
2
6 < 2.0000
0
1
1
1 112
6 > 2.0000
0
6
1
6 1
27 > 0.5000
0
2
1
2 6
14 > 0.5000
0
5
1
5 49
-1 = -1
2
20 < 0.5000
2
32 < 1.5000
2
4 < 0.5000
2
6 < 1.5000
2
14 < 0.5000
2
25 < 0.5000
2
33 < 61.5000
2
17 < 0.5000
0
2
1
2 47
17 > 0.5000
2
3 < 0.5000
0
4
1
4 1
3 > 0.5000
0
2
1
2 5
33 > 61.5000
0
4
1
4 2
25 > 0.5000
0
4
1
4 3
14 > 0.5000
0
5
1
5 8
6 > 1.5000
0
6
1
6 16
4 > 0.5000
2
13 < 0.5000
0
4
1
4 36
13 > 0.5000
2
3 < 1.0000
0
4
1
4 4
3 > 1.0000
0
2
1
2 1
32 > 1.5000
2
9 < 0.5000
0
3
1
3 73
9 > 0.5000
0
2
1
2 1
20 > 0.5000
2
14 < 0.5000
2
19 < 0.5000
2
15 < 1.0000
2
0 < 2.5000
0
6
1
6 2
0 > 2.5000
0
1
1
1 1
15 > 1.0000
0
2
1
2 5
19 > 0.5000
0
1
1
1 109
14 > 0.5000
0
5
1
5 52
-1 = -1
2
20 < 0.5000
2
11 < 0.5000
2
4 < 0.5000
2
6 < 1.5000
2
25 < 0.5000
2
14 < 0.5000
2
3 < 0.5000
2
12 < 0.5000
0
4
1
4 5
12 > 0.5000
0
2
1
2 7
3 > 0.5000
2
17 < 1.5000
0
2
1
2 44
17 > 1.5000
2
0 < 2.5000
0
4
1
4 1
0 > 2.5000
0
2
1
2 1
14 > 0.5000
0
5
1
5 3
25 > 0.5000
0
4
1
4 10
6 > 1.5000
0
6
1
6 13
4 > 0.5000
0
4
1
4 45
11 > 0.5000
0
3
1
3 83
20 > 0.5000
2
14 < 0.5000
2
27 < 0.5000
2
6 < 2.5000
0
1
1
1 110
6 > 2.5000
0
6
1
6 1
27 > 0.5000
2
6 < 0.5000
0
2
1
2 6
6 > 0.5000
0
6
1
6 1
14 > 0.5000
0
5
1
5 36
-1 = -1
2
20 < 0.5000
2
32 < 1.5000
2
4 < 0.5000
2
6 < 1.5000
2
25 < 0.5000
2
14 < 0.5000
2
33 < 58.5000
0
2
1
2 60
33 > 58.5000
2
0 < 1.5000
0
4
1
4 1
0 > 1.5000
0
2
1
2 1
14 > 0.5000
0
5
1
5 4
25 > 0.5000
0
4
1
4 6
6 > 1.5000
0
6
1
6 19
4 > 0.5000
2
13 < 0.5000
0
4
1
4 37
13 > 0.5000
2
1 < 1.5000
0
4
1
4 4
1 > 1.5000
0
2
1
2 1
32 > 1.5000
2
11 < 0.5000
2
0 < 1.5000
0
2
1
2 1
0 > 1.5000
0
3
1
3 1
11 > 0.5000
0
3
1
3 78
20 > 0.5000
2
14 < 0.5000
2
27 < 0.5000
0
1
1
1 94
27 > 0.5000
2
6 < 0.5000
0
2
1
2 9
6 > 0.5000
0
6
1
6 2
14 > 0.5000
0
5
1
5 48
-1 = -1
2
21 < 0.5000
2
11 < 0.5000
2
14 < 0.5000
2
4 < 0.5000
2
29 < 0.5000
2
25 < 0.5000
0
2
1
2 53
25 > 0.5000
2
2 < 2.5000
0
4
1
4 3
2 > 2.5000
0
1
1
1 4
29 > 0.5000
0
6
1
6 17
4 > 0.5000
0
4
1
4 39
14 > 0.5000
2
4 < 1.0000
0
5
1
5 58
4 > 1.0000
0
3
1
3 1
11 > 0.5000
0
3
1
3 70
21 > 0.5000
2
27 < 1.5000
0
1
1
1 120
27 > 1.5000
0
2
1
2 1
-1 = -1
2
20 < 0.5000
2
5 < 0.5000
2
4 < 0.5000
2
29 < 0.5000
2
25 < 0.5000
2
14 < 1.0000
2
17 < 0.5000
0
2
1
2 42
17 > 0.5000
2
3 < 0.5000
2
0 < 1.5000
0
2
1
2 1
0 > 1.5000
0
4
1
4 2
3 > 0.5000
0
2
1
2 5
14 > 1.0000
0
5
1
5 2
25 > 0.5000
0
4
1
4 5
29 > 0.5000
0
6
1
6 19
4 > 0.5000
2
7 < 0.5000
0
4
1
4 44
7 > 0.5000
0
3
1
3 1
5 > 0.5000
0
3
1
3 64
20 > 0.5000
2
14 < 0.5000
2
27 < 0.5000
2
6 < 2.5000
0
1
1
1 110
6 > 2.5000
0
6
1
6 2
27 > 0.5000
2
6 < 0.5000
0
2
1
2 7
6 > 0.5000
0
6
1
6 2
14 > 0.5000
0
5
1
5 60
-1 = -1
2
20 < 0.5000
2
32 < 1.5000
2
29 < 0.5000
2
4 < 0.5000
2
14 < 0.5000
2
25 < 0.5000
2
17 < 1.5000
2
33 < 58.5000
2
17 < 0.5000
0
2
1
2 46
17 > 0.5000
2
13 < 0.5000
2
0 < 2.5000
0
4
1
4 1
0 > 2.5000
0
2
1
2 2
13 > 0.5000
0
2
1
2 4
33 > 58.5000
0
4
1
4 1
17 > 1.5000
0
4
1
4 2
25 > 0.5000
0
4
1
4 5
14 > 0.5000
0
5
1
5 6
4 > 0.5000
2
3 < 1.5000
0
4
1
4 39
3 > 1.5000
2
1 < 1.5000
0
4
1
4 5
1 > 1.5000
0
2
1
2 1
29 > 0.5000
2
3 < 1.5000
0
6
1
6 24
3 > 1.5000
0
2
1
2 2
32 > 1.5000
2
31 < 0.5000
0
2
1
2 1
31 > 0.5000
0
3
1
3 63
20 > 0.5000
2
14 < 0.5000
2
27 < 0.5000
0
1
1
1 118
27 > 0.5000
0
2
1
2 5
14 > 0.5000
0
5
1
5 41
-1 = -1
2
20 < 0.5000
2
26 < 0.5000
2
4 < 0.5000
2
6 < 0.5000
2
25 < 0.5000
2
14 < 1.0000
2
3 < 0.5000
2
0 < 2.5000
2
8 < 0.5000
0
4
1
4 2
8 > 0.5000
0
2
1
2 1
0 > 2.5000
0
2
1
2 4
3 > 0.5000
0
2
1
2 47
14 > 1.0000
0
5
1
5 3
25 > 0.5000
0
4
1
4 5
6 > 0.5000
0
6
1
6 18
4 > 0.5000
2
5 < 1.0000
0
4
1
4 38
5 > 1.0000
0
3
1
3 2
26 > 0.5000
0
3
1
3 76
20 > 0.5000
2
14 < 0.5000
2
27 < 0.5000
2
6 < 2.5000
0
1
1
1 120
6 > 2.5000
0
6
1
6 1
27 > 0.5000
2
6 < 0.5000
0
2
1
2 7
6 > 0.5000
0
6
1
6 1
14 > 0.5000
0
5
1
5 41
-1 = -1
2
20 < 0.5000
2
5 < 1.0000
2
4 < 0.5000
2
6 < 1.5000
2
14 < 0.5000
2
25 < 0.5000
2
33 < 61.5000
0
2
1
2 59
33 > 61.5000
2
0 < 1.5000
0
4
1
4 1
0 > 1.5000
0
2
1
2 4
25 > 0.5000
0
4
1
4 2
14 > 0.5000
0
5
1
5 6
6 > 1.5000
0
6
1
6 13
4 > 0.5000
0
4
1
4 42
5 > 1.0000
0
3
1
3 79
20 > 0.5000
2
14 < 0.5000
2
27 < 0.5000
0
1
1
1 113
27 > 0.5000
0
2
1
2 4
14 > 0.5000
0
5
1
5 43
-1 = -1
2
20 < 0.5000
2
32 < 1.5000
2
6 < 1.5000
2
4 < 0.5000
2
14 < 1.0000
2
25 < 0.5000
2
17 < 0.5000
0
2
1
2 37
17 > 0.5000
2
33 < 26.0000
0
2
1
2 6
33 > 26.0000
2
13 < 0.5000
0
4
1
4 2
13 > 0.5000
0
2
1
2 2
25 > 0.5000
0
4
1
4 7
14 > 1.0000
0
5
1
5 7
4 > 0.5000
2
13 < 0.5000
0
4
1
4 39
13 > 0.5000
2
0 < 1.5000
0
4
1
4 2
0 > 1.5000
0
2
1
2 2
6 > 1.5000
0
6
1
6 16
32 > 1.5000
2
24 < 0.5000
2
0 < 1.5000
0
2
1
2 1
0 > 1.5000
0
3
1
3 1
24 > 0.5000
0
3
1
3 82
20 > 0.5000
2
14 < 0.5000
2
21 < 0.5000
2
8 < 0.5000
0
2
1
2 6
8 > 0.5000
2
1 < 1.5000
0
6
1
6 2
1 > 1.5000
0
1
1
1 2
21 > 0.5000
0
1
1
1 98
14 > 0.5000
0
5
1
5 54
-1 = -1
2
20 < 0.5000
2
28 < 0.5000
2
8 < 0.5000
2
4 < 0.5000
2
25 < 0.5000
2
14 < 1.0000
2
33 < 58.5000
2
17 < 0.5000
0
2
1
2 35
17 > 0.5000
2
13 < 0.5000
0
4
1
4 2
13 > 0.5000
0
2
1
2 9
33 > 58.5000
2
0 < 1.5000
0
4
1
4 3
0 > 1.5000
0
2
1
2 1
14 > 1.0000
0
5
1
5 6
25 > 0.5000
0
4
1
4 14
4 > 0.5000
2
13 < 0.5000
0
4
1
4 37
13 > 0.5000
2
1 < 1.5000
0
4
1
4 2
1 > 1.5000
0
2
1
2 1
8 > 0.5000
0
6
1
6 21
28 > 0.5000
0
3
1
3 79
20 > 0.5000
2
14 < 0.5000
2
27 < 0.5000
0
1
1
1 94
27 > 0.5000
0
2
1
2 8
14 > 0.5000
0
5
1
5 54
-1 = -1
2
19 < 0.5000
2
32 < 1.5000
2
14 < 0.5000
2
4 < 0.5000
2
6 < 0.5000
2
25 < 0.5000
2
13 < 2.5000
2
17 < 0.5000
0
2
1
2 56
17 > 0.5000
2
13 < 0.5000
2
2 < 1.5000
0
4
1
4 2
2 > 1.5000
0
2
1
2 2
13 > 0.5000
0
2
1
2 7
13 > 2.5000
0
1
1
1 1
25 > 0.5000
0
4
1
4 4
6 > 0.5000
0
6
1
6 18
4 > 0.5000
0
4
1
4 45
14 > 0.5000
0
5
1
5 40
32 > 1.5000
0
3
1
3 75
19 > 0.5000
2
27 < 0.5000
0
1
1
1 112
27 > 0.5000
2
0 < 1.5000
0
5
1
5 3
0 > 1.5000
0
6
1
6 1
-1 = -1
2
20 < 0.5000
2
5 < 1.0000
2
4 < 0.5000
2
8 < 0.5000
2
15 < 1.5000
2
3 < 2.5000
2
13 < 1.0000
0
4
1
4 3
13 > 1.0000
0
2
1
2 2
3 > 2.5000
0
5
1
5 4
15 > 1.5000
2
3 < 0.5000
2
12 < 0.5000
2
0 < 2.5000
0
4
1
4 1
0 > 2.5000
0
2
1
2 3
12 > 0.5000
0
2
1
2 7
3 > 0.5000
0
2
1
2 45
8 > 0.5000
2
3 < 2.0000
0
6
1
6 16
3 > 2.0000
0
2
1
2 1
4 > 0.5000
2
7 < 1.0000
2
13 < 0.5000
0
4
1
4 49
13 > 0.5000
2
3 < 1.0000
0
4
1
4 2
3 > 1.0000
0
2
1
2 1
7 > 1.0000
0
3
1
3 1
5 > 1.0000
0
3
1
3 61
20 > 0.5000
2
14 < 0.5000
2
21 < 0.5000
2
12 < 0.5000
2
2 < 1.5000
0
6
1
6 5
2 > 1.5000
0
1
1
1 4
12 > 0.5000
0
2
1
2 6
21 > 0.5000
0
1
1
1 102
14 > 0.5000
0
5
1
5 53
-1 = -1
2
20 < 0.5000
2
32 < 1.5000
2
6 < 1.5000
2
4 < 0.5000
2
14 < 0.5000
2
25 < 0.5000
2
17 < 0.5000
2
33 < 61.5000
0
2
1
2 36
33 > 61.5000
0
4
1
4 1
17 > 0.5000
2
13 < 0.5000
0
4
1
4 5
13 > 0.5000
0
2
1
2 4
25 > 0.5000
0
4
1
4 5
14 > 0.5000
0
5
1
5 4
4 > 0.5000
2
3 < 1.5000
0
4
1
4 43
3 > 1.5000
2
1 < 1.5000
0
4
1
4 3
1 > 1.5000
0
2
1
2 1
6 > 1.5000
0
6
1
6 16
32 > 1.5000
0
3
1
3 87
20 > 0.5000
2
14 < 0.5000
2
27 < 0.5000
2
6 < 2.0000
0
1
1
1 107
6 > 2.0000
0
6
1
6 1
27 > 0.5000
0
2
1
2 11
14 > 0.5000
0
5
1
5 42
-1 = -1
2
20 < 0.5000
2
24 < 0.5000
2
6 < 1.5000
2
4 < 0.5000
2
14 < 0.5000
2
25 < 0.5000
2
3 < 0.5000
2
33 < 56.5000
2
33 < 31.0000
2
0 < 2.5000
0
4
1
4 2
0 > 2.5000
0
2
1
2 3
33 > 31.0000
0
2
1
2 10
33 > 56.5000
0
4
1
4 2
3 > 0.5000
0
2
1
2 60
25 > 0.5000
0
4
1
4 4
14 > 0.5000
0
5
1
5 5
4 > 0.5000
2
3 < 2.5000
0
4
1
4 32
3 > 2.5000
0
3
1
3 1
6 > 1.5000
0
6
1
6 22
24 > 0.5000
0
3
1
3 64
20 > 0.5000
2
14 < 0.5000
2
27 < 0.5000
0
1
1
1 100
27 > 0.5000
2
6 < 0.5000
0
2
1
2 10
6 > 0.5000
0
6
1
6 1
14 > 0.5000
0
5
1
5 50
-1 = -1
2
20 < 0.5000
2
32 < 1.5000
2
4 < 0.5000
2
30 < 1.5000
2
14 < 0.5000
2
25 < 0.5000
2
17 < 0.5000
0
2
1
2 42
17 > 0.5000
2
13 < 0.5000
2
18 < 0.5000
0
2
1
2 3
18 > 0.5000
0
4
1
4 2
13 > 0.5000
0
2
1
2 6
25 > 0.5000
0
4
1
4 4
14 > 0.5000
0
5
1
5 5
30 > 1.5000
0
6
1
6 20
4 > 0.5000
2
13 < 0.5000
0
4
1
4 37
13 > 0.5000
2
1 < 1.5000
0
4
1
4 3
1 > 1.5000
0
2
1
2 1
32 > 1.5000
0
3
1
3 69
20 > 0.5000
2
14 < 0.5000
2
27 < 0.5000
2
6 < 2.5000
0
1
1
1 118
6 > 2.5000
0
6
1
6 1
27 > 0.5000
2
6 < 0.5000
0
2
1
2 6
6 > 0.5000
0
6
1
6 1
14 > 0.5000
0
5
1
5 48
-1 = -1
2
20 < 0.5000
2
26 < 0.5000
2
6 < 1.0000
2
4 < 0.5000
2
25 < 0.5000
2
14 < 1.0000
2
17 < 0.5000
0
2
1
2 37
17 > 0.5000
2
13 < 0.5000
2
17 < 1.5000
2
2 < 1.5000
0
4
1
4 1
2 > 1.5000
0
2
1
2 3
17 > 1.5000
0
4
1
4 2
13 > 0.5000
0
2
1
2 7
14 > 1.0000
0
5
1
5 3
25 > 0.5000
0
4
1
4 10
4 > 0.5000
0
4
1
4 37
6 > 1.0000
0
6
1
6 21
26 > 0.5000
0
3
1
3 76
20 > 0.5000
2
14 < 0.5000
2
27 < 0.5000
0
1
1
1 102
27 > 0.5000
0
2
1
2 7
14 > 0.5000
0
5
1
5 60
-1 = -1
2
20 < 0.5000
2
11 < 0.5000
2
6 < 0.5000
2
4 < 0.5000
2
25 < 0.5000
2
14 < 1.0000
2
3 < 0.5000
2
13 < 0.5000
2
0 < 2.5000
0
4
1
4 1
0 > 2.5000
0
2
1
2 1
13 > 0.5000
0
2
1
2 6
3 > 0.5000
0
2
1
2 45
14 > 1.0000
0
5
1
5 4
25 > 0.5000
0
4
1
4 6
4 > 0.5000
2
13 < 0.5000
0
4
1
4 34
13 > 0.5000
2
0 < 1.5000
0
4
1
4 2
0 > 1.5000
0
2
1
2 2
6 > 0.5000
0
6
1
6 22
11 > 0.5000
0
3
1
3 80
20 > 0.5000
2
14 < 0.5000
2
27 < 0.5000
2
6 < 2.5000
0
1
1
1 117
6 > 2.5000
0
6
1
6 1
27 > 0.5000
0
2
1
2 5
14 > 0.5000
0
5
1
5 40
-1 = -1
2
20 < 0.5000
2
32 < 1.5000
2
4 < 0.5000
2
6 < 0.5000
2
14 < 1.0000
2
3 < 1.5000
2
27 < 1.5000
0
4
1
4 3
27 > 1.5000
2
2 < 1.5000
2
12 < 0.5000
2
8 < 0.5000
0
4
1
4 3
8 > 0.5000
0
2
1
2 1
12 > 0.5000
0
2
1
2 5
2 > 1.5000
0
2
1
2 13
3 > 1.5000
0
2
1
2 36
14 > 1.0000
0
5
1
5 3
6 > 0.5000
2
12 < 0.5000
0
6
1
6 15
12 > 0.5000
0
2
1
2 1
4 > 0.5000
0
4
1
4 35
32 > 1.5000
0
3
1
3 74
20 > 0.5000
2
14 < 0.5000
2
27 < 0.5000
2
6 < 2.5000
0
1
1
1 107
6 > 2.5000
0
6
1
6 2
27 > 0.5000
2
6 < 0.5000
0
2
1
2 8
6 > 0.5000
0
6
1
6 2
14 > 0.5000
0
5
1
5 58
-1 = -1
2
20 < 0.5000
2
28 < 0.5000
2
4 < 0.5000
2
6 < 1.5000
2
25 < 0.5000
2
14 < 1.0000
2
33 < 61.5000
2
13 < 0.5000
2
17 < 0.5000
0
2
1
2 7
17 > 0.5000
2
27 < 2.5000
0
4
1
4 2
27 > 2.5000
0
2
1
2 1
13 > 0.5000
0
2
1
2 40
33 > 61.5000
0
4
1
4 2
14 > 1.0000
0
5
1
5 3
25 > 0.5000
0
4
1
4 9
6 > 1.5000
0
6
1
6 9
4 > 0.5000
2
13 < 0.5000
0
4
1
4 38
13 > 0.5000
2
3 < 1.0000
0
4
1
4 4
3 > 1.0000
0
2
1
2 1
28 > 0.5000
0
3
1
3 72
20 > 0.5000
2
14 < 0.5000
2
27 < 0.5000
0
1
1
1 112
27 > 0.5000
2
6 < 0.5000
0
2
1
2 10
6 > 0.5000
0
6
1
6 2
14 > 0.5000
0
5
1
5 54
-1 = -1
2
19 < 0.5000
2
32 < 1.5000
2
14 < 0.5000
2
6 < 1.5000
2
4 < 0.5000
2
25 < 0.5000
2
13 < 2.5000
2
33 < 61.5000
2
17 < 0.5000
0
2
1
2 41
17 > 0.5000
2
13 < 0.5000
2
0 < 2.5000
0
4
1
4 1
0 > 2.5000
0
2
1
2 1
13 > 0.5000
0
2
1
2 7
33 > 61.5000
0
4
1
4 1
13 > 2.5000
0
1
1
1 1
25 > 0.5000
0
4
1
4 13
4 > 0.5000
2
13 < 0.5000
0
4
1
4 32
13 > 0.5000
2
0 < 1.5000
0
4
1
4 1
0 > 1.5000
0
2
1
2 1
6 > 1.5000
0
6
1
6 14
14 > 0.5000
0
5
1
5 48
32 > 1.5000
0
3
1
3 79
19 > 0.5000
2
14 < 1.0000
2
6 < 2.5000
0
1
1
1 122
6 > 2.5000
0
6
1
6 1
14 > 1.0000
0
5
1
5 3
