6 34
5
6
3
1
2
4
1
20 35
0.12581361047960896 0.20289869927709567 0.2578856130218862 -0.09360997638735151 0.08830808701184822 -0.2058568079192313 -0.4782021857446542 0.08274140735303381 -0.34696303528329514 0.11429507419977065 0.07824461997576546 0.02588691721046415 -0.4493541788991769 0.03709686914238435 0.33864433873575445 0.1316684782329863 0.03513939818993058 0.07868612142915374 0.045121258359228304 0.04353332001139492 0.07160388936850957 0.21781223462909113 0.04343297726347956 0.0834787421326656 0.049329238789460564 -0.4270180752731898 -0.05463633550772913 -0.5022042563907843 0.1732757598064382 -0.4680929398988826 0.018867365941565933 0.024275650745521262 -0.011202472247338094 -0.5521664485688982 0.04124504657233704
-0.04359907113103794 0.0708721036354829 0.13522666913486767 0.14220721125259608 -0.5118569859923177 0.4540919185203479 -0.17285243419068458 0.06825708356401768 -0.1400638713226046 0.43668554441667334 0.2666456129075529 0.08314297615344822 -0.15215326352284342 -0.1083082417932171 0.050588143158920726 -0.7067054744421601 0.008273536983034896 -0.18427728640802193 0.10684679909701995 0.1527304070657768 0.5803146917434495 0.015409383429575882 0.5853925042200611 0.1634086505949329 0.26927909561527313 -0.14856400688949514 0.3825425235134238 -0.1646715658989192 -0.061250321472878316 -0.18402476510650334 0.149311163203794 0.19382864397930066 0.13023590635094665 -0.24406282467463045 -0.0204618905206496
0.02842778151395952 0.17546388250244016 0.3711005733731463 0.06085134166789561 -0.18403023157664794 0.01910335350445189 -0.32878950878734275 0.11252304426030744 -0.2579355299678416 0.3374664549019341 0.24226646686486364 0.09886111389708027 -0.3081182398831702 0.11906226873746983 0.5946333741556339 -0.9431996855027464 0.2877871738915893 -0.23147907421533848 -0.1259448270080889 0.1275157949646374 0.23926964883111324 -0.39996120523626477 0.22735036406997355 0.14264065120980532 0.13118344065916568 -0.28174770009012046 0.05068829408232637 -0.3244241800918268 0.5517045123183357 -0.30956654293603786 0.16084891000293314 0.22456494327831025 -0.16442274607464546 -0.36801491935983205 0.009573362685224433
-0.1094646676465032 -0.1873017353742574 -0.1331855962656209 -0.036289434837460166 0.12738543374382805 -0.1890443658443797 -0.10394995807307614 -0.10342592615033457 -0.07025083870577459 0.13621748950306678 0.10203311969252297 0.02233971487628114 -0.08473836806840668 -0.12266720613675196 -0.19581754866926973 0.6136594747800364 -0.633255555262376 0.14309886324727125 0.16041640024672815 -0.05005098527640624 0.45830819572334064 0.8279748796433085 0.4413769268230082 0.1239282787723008 0.18350421176250403 -0.09113365883832852 0.12278745574127396 -0.10494756418605211 -0.8808386801235976 -0.15333999171386528 -0.0926795855174123 -0.16330373899404071 0.09007317348718773 -0.11759289979751851 0.0070796250766221305
-0.09575963572017158 -0.08989727483676536 -0.06887907901176941 0.13740308898760845 -0.5647452412932314 0.7256091074046117 -0.015018612865746546 -0.2651578649447163 -0.007530541535267884 0.17476451754888697 0.13843795434591508 0.02283852354839048 -0.018409766036509335 -0.19402829361964627 -0.13816582606217565 -0.5998338128234315 -0.03292529385372341 -0.25228331440942203 0.043222380972269867 0.05328873147710091 0.5196626036884396 0.00998581303815452 0.5231155050132531 0.11046564278722668 0.26378083569706023 -0.013726751229653238 0.4676588419873081 -0.013575044234976333 -0.21062797893336238 -0.017305825004998967 -0.11479409523634708 -0.14830415268318872 0.13985073194813505 -0.09763101431909182 -5.335998197093217E-4
-0.13782814843216093 -0.17106221429555735 -0.07600326749107839 2.126691914101311E-4 0.12680776622363035 -0.19665646776856202 -0.08771155014503974 -0.1591091668096006 -0.0733136718662179 0.17396053444909618 0.1433161837262988 0.02831715621207116 -0.08536245757196625 -0.05715033696620765 -0.04653653167272159 0.3340394712698953 -0.5888915396406496 0.041300964103019915 0.08854235366518401 -0.01339425191591703 0.5022547915418855 0.6969425626751287 0.495629793680624 0.15773094336404536 0.20772957600222475 -0.08117268205595943 0.12451588687302853 -0.09145082056334948 -0.7627164306175785 -0.1325454281082292 -0.0857618893937226 -0.16142183829178722 0.01653318063118769 -0.12139382134383969 0.007676084570535359
-0.009620120862773616 0.0958561563074192 0.3774219146532332 -0.05577083905399059 0.6140315340131614 -0.9266559517125039 -0.4078136360351998 0.08596763885322636 -0.2973402976245784 0.18892486147105136 0.1924143364174236 0.07165533744235392 -0.3640210488639523 0.22390335215319204 0.6919256846470012 0.23466683392948046 -0.36764948498439814 0.186549728206108 -0.030295960713106713 -0.006013071207551229 0.2198326594409542 0.48004421493065835 0.20274002440559186 0.2084334259769652 0.10421931640251704 -0.3555312601538142 -0.32408909677869424 -0.42019063177322047 -0.06289084472023436 -0.41780900268438254 0.015035144407730091 0.007621751372153406 -0.2405817501268955 -0.37684946151380594 0.014461839825613002
-0.07410279438018633 -0.11369938571362237 -0.1782367078249016 -0.040100236205809055 0.10521608876280089 0.08309458574875866 0.020997579097072453 -0.6117980796177416 0.029287197383109906 -0.5500714875856523 -0.16493465787082484 -0.10738147683165444 0.016286758499534912 0.05970101923850052 0.13761182553341073 0.07145570780550044 0.028884158742666668 -0.17809525901664253 -0.12436389964422127 -0.08392427760373591 -0.10956068667226306 -0.02667446640377583 -0.08423514701980254 0.0067967034640695366 -0.03676903665485808 0.03355316183108715 -0.011351201307146435 0.03780162416452309 0.03356082481462648 0.02481806216153379 -0.49133449424866943 -0.6115069577753034 -0.14357241306324295 0.017730805680836185 0.19249652153061148
0.040776880570715074 -0.005000739686041175 -0.12881151272998823 -0.08364115605562332 0.17711662673631043 0.024035009861720573 0.0548978510037318 -0.4871333557072153 0.051159346336405065 -0.6635710637942074 -0.3150820103029942 -0.14274894362492296 0.045426114365756 0.09108373668079633 0.06690974047557634 0.27460971841549087 0.29833510710218875 0.0070912933531493425 -0.17033752088537563 -0.13825785314303773 -0.47867654051319514 -0.24665517988792268 -0.447538463780809 -0.1307586227191181 -0.19759203238036063 0.0541304128415376 -0.17010024948170435 0.053936334558578214 0.39280280102099413 0.07972667520728417 -0.42926384648048105 -0.5355264540649058 -0.10006909732491978 0.05164934402900505 0.04337978947421387
-0.0768845563074122 -0.1840583545800624 -0.1824447986737799 -0.09301985564881086 0.18087605161107606 -0.2440654359969541 -0.11092100872533436 -0.08172721452567602 -0.08061000023527783 0.07063620938330575 0.06251956918432053 -0.005304895903328147 -0.10330233016801066 -0.12771725450380753 -0.2696365754093173 0.8393100460311265 -0.6716772243769656 0.2153788031186316 0.18859437291292044 -0.09170417501467529 0.34667560778681855 0.8783005281764618 0.3380627711447354 0.09399334761524888 0.1263185495992922 -0.08938903093642168 0.06793118790930351 -0.11494636365966454 -0.8915719413890075 -0.1555852472705978 -0.10487391392673008 -0.1849186069513652 0.10621601693183687 -0.10405329601594544 0.007251499777717043
-0.08941562825174842 -0.16340980828466664 -0.2655934371150598 0.24220287169824806 -0.6202455630638686 1.0649104350703065 0.35239281580630333 -0.3167334539381929 0.24892332520493698 0.0579725721712329 0.0712219356781875 -0.005131774225134341 0.31012775231564027 -0.29838018209602923 -0.5077269996680184 -0.47334599074346645 0.030238305640858696 -0.18166372102468517 0.08302607602926051 0.07832430499136014 0.4416853574052224 -0.0470999125396629 0.4206536712786703 0.02069463534002687 0.22604297346097157 0.29267791911072 0.5749539129023715 0.3471393681606019 -0.35025684799679047 0.3212880230758591 -0.1483677696925066 -0.18940254517258812 0.2974380973018704 0.26578022104999205 0.021361093169997566
-0.14251257134337014 -0.13042955605473966 -0.05298262687075566 0.1666790846337636 -0.4013025909463822 0.5621315418075608 0.07735669014130908 -0.3084158366170984 0.050464834839287875 0.1683062970582175 0.15496248490266645 0.022251282937168534 0.07156237933462287 -0.12948407037138185 -0.03569497303739376 -0.6070534967987061 -0.1437911373002871 -0.22906248297698933 0.01807493422674807 0.05373459666216604 0.5508966192923297 0.050948547428509475 0.5577505857379862 0.13979158337008976 0.25886661504985775 0.055146735719798036 0.39957362849369205 0.06593079968764039 -0.3176320423744723 0.04759749068772168 -0.13376361036451664 -0.17036157688800435 0.08101253750332177 -0.002868438719593393 0.0031277339657999922
-0.022571114565060706 -0.18933716875354514 -0.31301568162140925 -0.025045073341690018 0.26695051401612857 -0.1419171631560275 0.3828229387543825 -0.012240367546434556 0.2820345803589982 -0.21066267366089358 -0.1650382702729295 -0.06094020099569664 0.33956230288690886 -0.054675164892188224 -0.43209037551040436 0.7463753099917637 -0.2935182431987817 0.20820481963600207 0.06784715330144485 -0.10774602749623302 -0.24000033626624623 0.2747566544565957 -0.25071525999760313 -0.11021441884303988 -0.14083619106344442 0.3168239268168956 -0.10348597832276325 0.37980026378321574 -0.47907258696762145 0.3654778420046404 -0.08867616475291269 -0.11252000963291423 0.0615078715368916 0.4407523751809733 -0.007732990926991874
-0.19635394506081272 -0.1417313319919988 0.025319017568292905 0.1471998810202408 -0.3744086769886091 0.3529195761446713 -0.10968599668647429 -0.29579338358539736 -0.09850565030104552 0.246045400456328 0.23139564034866175 0.056932541896469235 -0.11207996904373194 -0.08638906746551607 0.16256515108382677 -0.6647415044462357 -0.2986592621403065 -0.2910241970747483 0.02562480295716431 0.06790919707985955 0.7144920376991245 0.2019723074800128 0.7324635932730577 0.2273711590329586 0.33260540572358643 -0.10965350280755698 0.37330781555138726 -0.11628158260953815 -0.4189248150110106 -0.14859531113042548 -0.10807294840849317 -0.17591714127534971 -0.02043864668884403 -0.18718779965412224 0.002579076399973018
0.07096399687292944 0.08281602977695977 -0.07175388527421617 0.1595061693633982 -0.2799443831936727 0.3464191855533743 0.39778408899478007 0.4446597922087387 0.3048988688721747 0.23691440607505007 0.06062972603447443 0.065348860833946 0.37951303280218807 -0.06670150294538042 -0.32644546558712834 -0.4558371292829901 0.3124519254042351 -0.04667777247135943 0.10234719847300623 0.10266479197084291 -0.20158322177704371 -0.5189824599980467 -0.24349631054827883 -0.1348891990466594 -0.10626335550217628 0.3551783338038624 0.07521604288845968 0.4281770242129674 0.12825806141975915 0.4318216673978068 0.33802855495844625 0.4597070110028825 0.08723642742726385 0.4692926380029505 -0.05247900580483154
-0.026583787768884412 -0.1541578578215682 -0.24433257485135987 -0.005370481092977184 -0.3706714576306863 0.4379300893773271 -0.17176051274241913 -0.27020696089595364 -0.13358090416890517 -0.06754036847328326 -0.025200973908065947 -0.038918961678734154 -0.1613537258164363 -0.2363927747668792 -0.3928608472426398 0.3912140050237862 -0.2965253295004249 0.020659224924724166 0.14957229562746158 -0.05802501278964417 0.2947073573679878 0.463892108126755 0.27325884183658256 0.017817597103102475 0.1418811459624108 -0.15310595903093163 0.3028207152640214 -0.17612655157824386 -0.48553510389274046 -0.18714969475655863 -0.20112401107465525 -0.27746832393986065 0.21148520493815715 -0.27339427536756866 0.05633247929494357
0.0247968370340179 -0.1327759876781859 -0.4370654500086102 0.09357531712969662 -0.646300084080921 1.0179012807850139 0.23030061999492446 -0.3021222782043958 0.17659326564660505 -0.2566092669448865 -0.15246026025379178 -0.10765149403002057 0.2049039006692678 -0.3484815050998299 -0.8530034857289346 0.20772292474833093 0.15729130197706165 -0.053467497064895834 0.1640608306426674 -0.047820460284749636 0.01022986895300695 -0.03771473274415042 -0.016151381271506966 -0.17029516361456704 0.02808529496234031 0.19563317081819545 0.45415736400969237 0.22805436288330555 -0.25503474982527347 0.2252268649996624 -0.2097155193049959 -0.2685809619516348 0.36710422625687217 0.17166099349690683 0.029769379995422857
0.0030980266131218587 -0.010014148972202479 -0.10778981749882284 -0.04253714187637135 0.1739453870647753 0.03491661016803574 0.07935189313795608 -0.517614198020231 0.06339876219549839 -0.6014341512260488 -0.272473517871325 -0.11735510970415299 0.07110497664877757 0.09402100086621656 0.12601167080584755 0.13327024490030015 0.2574349048525643 -0.05172841083670308 -0.15808482739371854 -0.11348230893854329 -0.3533708609207999 -0.2173149569010602 -0.3296413994002654 -0.0886616430445109 -0.1620236468687969 0.051220372154580994 -0.10663700937813152 0.07403532652576325 0.30393706754728417 0.09020679327354561 -0.4283685008174943 -0.5248746448750206 -0.09353441432544075 0.06451444922534877 0.0475478985816644
-0.07627451759472553 -0.08077501152184331 -0.006382749476469916 -0.0071554029727104234 0.11775251166206228 -0.1997517283284358 -0.16513599859873065 -0.01660214115556216 -0.13449803001972438 0.21304280073643686 0.16609717630190246 0.04007538010434009 -0.14583053874338636 -0.04480624800602869 0.010438189562367289 0.31234398714200023 -0.48769378404856145 0.07962260399538923 0.10821257980901827 0.011034254188036398 0.4432921408174563 0.6351353311817266 0.43553036320999966 0.15195495935025174 0.1742457181285942 -0.13528970190991835 0.08997219844075444 -0.16694255799492835 -0.5929610376614418 -0.19950326840074734 0.004415733229679801 -0.03408646258423117 0.03941012211685424 -0.20061393521634271 -0.002261722156083946
-0.10653904915526385 -0.13552566570767707 -0.07222942676890172 0.06812412196996132 0.10448595709248251 -0.0869437286728847 0.050140924643008906 -0.027124527398677566 0.02710509920808086 0.24377652850394613 0.16894668799817933 0.04501631734041173 0.027126295989640607 -0.10325324257473237 -0.13737914378219926 0.284069187702287 -0.5164714256000708 0.10116698896490856 0.1346523060741883 0.020144141865343183 0.4588696110692824 0.603056772371923 0.45254793197588233 0.13275734453323804 0.18856665454974483 0.03958434137237676 0.15300043322960705 0.03837056531082596 -0.7427932877899383 3.1732087779623203E-4 0.0042477069077597705 -0.03959118649087256 0.09079712275716051 0.04197328758052717 0.00510746138387914
6 21
-0.1814488926044638 0.22972509148655204 -0.8405199263981824 -1.4131017376634931 1.0150040442942965 -0.6517802076113832 0.6109588500167816 0.50836928274232 0.10408881646426375 0.2899608888624573 1.404641161460941 -0.5992798873793704 -0.6392430186683891 0.7925609241596999 -0.6685220441417146 -1.1264041666821274 0.6911414941937319 0.20070880857865714 0.13772592545469756 0.5816059741225509 0.49881111829101266
0.9146453751412554 0.6291871213645949 0.6701409434457732 1.131361818118278 -0.09309065582419798 -0.08039335893559216 -0.04541975977835453 0.5214861710701525 -1.5073441157091576 -1.2400993869999435 -0.1763510347517528 -0.4057100714650304 -0.13942874828844612 -0.30510057262889106 0.023566472585917084 1.2359277890235167 -0.4993944390302254 -0.7249627374423521 -1.2974443774894642 0.13905905411635494 0.08363289823586584
0.1432201486467802 -1.827394812530126 -0.7159951804643783 -1.1444125831817173 -0.433331554796171 -0.04296751239966521 -0.4059042773566621 -1.6805903079968012 0.373318901570007 0.49531306795110475 -0.43131788696130086 1.210838867360786 0.11007924664214593 1.6220519931571264 -0.49441489975301695 1.8311722514203477 -0.47671235530285 0.8876323358231494 0.5313531958718811 -0.6762944197712673 -0.11941049209260339
-1.3675058065246177 -0.4198620715565319 0.9943909927378207 0.129315607274322 0.9255607770479384 0.879665368677884 1.0537744587822293 0.16445241376749584 -0.5945988481740979 -1.0563296177188213 0.684917041820324 0.5566966831737339 0.9848605544741188 -0.8327848176988698 1.4558761431436398 -1.2778681183368084 0.5488214301358789 -0.23744323135787931 -0.8323909175278382 0.8818221417362213 0.8602532058731354
0.4180763143869187 0.9715393526755354 -0.38526112486925235 0.8524839509057598 -0.7335019691355594 -0.5613007196237662 -0.528304319190447 1.135362158467996 0.9000497092346325 0.9624966941688264 -0.7488827242532102 -1.1758283957500928 -0.5148311505580665 -0.5896089364866633 -0.40864219569632904 -0.710509150167756 -0.5535216496927016 -1.0147304110572275 0.9394345348028903 -0.3678243654256791 -0.6713982847283589
0.1068949813720231 0.39037313199676815 0.27488056824561335 0.464596532956651 -0.6934093416120081 0.4530668499631192 -0.6575640071725719 -0.6435556193033761 0.7291873231151365 0.5447437587754584 -0.7479893879638492 0.40340346248266806 0.19601078511078737 -0.6842972812901205 0.09133513331918697 0.05405750397616572 0.3042574288798771 0.8566628922117752 0.5182432900270951 -0.568272898078855 -0.6410557914798761
SIGMOID
