3 4
Iris-setosa
Iris-versicolor
Iris-virginica
2
5 5
-0.3475085791231859 -0.7534918672491941 -1.0548883252817327 1.4036816550979285 0.9377469739666539
-0.373229484210733 -0.7934689613163146 -1.0691685969254576 1.402308237181293 0.9406165920979594
-0.3279090649151082 -0.6347329406012028 -0.9885275010443023 1.4473103010809103 0.9162365097857248
-0.33212797015661766 -0.6804097939794773 -1.021094485065111 1.4305898080550896 0.920345618886331
-0.3605388742040295 -0.7962158735104692 -1.0889163408421039 1.4021217039681766 0.9425239488319511
5 6
1.105273894943965 -0.9885820736382307 -1.0076948606434064 -0.966598517111065 -0.9635438314602309 -1.0136993849565836
1.0901354723235936 -0.9736338938539207 -0.9888647940165298 -0.9498548839337185 -0.9704807606572847 -1.002602848909432
1.07216923733491 -0.9779703062928938 -1.0005573415155926 -0.9496190958291386 -0.9613665460401086 -1.00168256664558
1.0905001453713288 -1.0020322223412241 -1.0059191074792861 -0.9657314853649327 -0.9911702213062399 -1.0113750297802675
1.1004994283697067 -0.995325324353647 -1.0034948990872785 -0.9639709327675894 -0.972896067174724 -1.0110318257713833
3 6
-3.8562585717229365 2.048503436260718 2.012163015777761 2.015342807920088 2.0633728178904778 2.040901745122108
1.26760218911848 0.13349461591652856 0.1441351852149796 0.13619585096208717 0.1102775928251115 0.1188144812476656
2.5984291829990687 -2.174869455625243 -2.1608806640526215 -2.1407319571834833 -2.1631539515095457 -2.1795085843289947
SIGMOID
