2 6
1
2
2
15 7
0.003980986474858706 -0.006172008226228858 0.05161876758160448 0.14539818172909327 -0.09178016551781215 -0.17856330464335005 0.022110505834770287
0.00786743277801251 -0.009504660600322647 0.05710360672282078 0.18025616668243846 -0.12028657680906567 -0.19366124114441527 0.015926280766081914
-0.008450972544785506 -0.007192829336991204 0.05316024459551789 0.15794624364092485 -0.10585626064995715 -0.18030701206781125 0.017956662417267906
0.005861933844078219 -0.004905502844247824 0.039881600236536786 0.07387040708394609 -0.06361957066010658 -0.10518521436823353 0.009840854577724288
8.70300095173044E-4 -0.008855888242551326 0.05424110981888813 0.1621086360268983 -0.11201193050970852 -0.1781348961162238 0.008355556868276938
-1.0870459559555017E-5 -0.0063132214705002 0.051772341415802475 0.161264662417957 -0.10988918751583376 -0.18062936118949985 0.008752469654251171
0.007441112785258155 -0.006791620781254371 0.044991674243082175 0.0971566962532952 -0.07787074525993294 -0.12530577190304049 0.020234050226652676
-0.006563043493343654 -0.00802888688963128 0.05413989505519569 0.15871425309767054 -0.10748170179650103 -0.17971791366034534 0.024211813432810637
0.0018061950412172703 -0.006941391198007371 0.05274450587468871 0.1590219259103859 -0.10706585658992196 -0.18063625251323273 0.017990456969734055
0.008658729264743294 -0.007081208842240033 0.051279922331357905 0.14433163520458706 -0.09811308507882836 -0.16959078333747704 0.018758148719551226
0.0035068478372365574 -0.006395124745306146 0.0470209315952457 0.12018957075543163 -0.08945612666106113 -0.14501425931660666 0.017023537509085224
0.006419764279335802 -0.003959988697829468 0.042610714913428056 0.07976491135036937 -0.05968102629666903 -0.12326513139632889 0.01770759096989306
0.003426363984470389 -0.007412219912936211 0.05137589891462019 0.14934734408662392 -0.10714727049074554 -0.16705611906326617 0.01875482716182851
-0.008200602370680321 -0.005939505893932134 0.051066345485901665 0.14554293176713234 -0.09508667109282821 -0.17525805106321296 0.015170177013281546
-0.009034746002194827 -0.007655521272910759 0.05056230983143528 0.128404175733634 -0.08813200684199479 -0.15767857729565055 0.01001365667192729
15 16
-0.031069718192244657 -0.07881297245201808 -0.09702253179861842 -0.08611610684027693 -0.034113684328401575 -0.09203435351328924 -0.07370194078889715 -0.043862045854438904 -0.07276673186520764 -0.07448184077739183 -0.07565690242322706 -0.06619523617704436 -0.0531584134209603 -0.07764145143307637 -0.08554560998101778 -0.062434347564423134
-0.02535485920383224 -0.11636834245594485 -0.13175540764101917 -0.12443136224429442 -0.0566981579359749 -0.11136171260465784 -0.12753844367387127 -0.07432025797166766 -0.11133353791750303 -0.1248725112897069 -0.10564029168969882 -0.08694011186405316 -0.06671295677360889 -0.11567544940245156 -0.1077705982715007 -0.10181875136559729
-0.04131285211176768 -0.10490051157677636 -0.1221556587427163 -0.10419866375420223 -0.04567246614123687 -0.11003758010100825 -0.10761375739587266 -0.07321797675577961 -0.10552705119140479 -0.11093202181347703 -0.0866402205884898 -0.08913760953812369 -0.060117985923711974 -0.09577336939514661 -0.10644384420134463 -0.08332289261732487
-0.02608223882930335 -0.07241897400996936 -0.08163726778359702 -0.07251136620498812 -0.040615552970024504 -0.07205751260138486 -0.0717922499171916 -0.03507501548002461 -0.06803990294024483 -0.06399512884475259 -0.06315073836265533 -0.05492420724111868 -0.043699533492346926 -0.07121693662474027 -0.0631041706396569 -0.04938137121651312
-0.034225209668698575 -0.11990437111015174 -0.13335862275716215 -0.12055051522699949 -0.05984582728191748 -0.11624023987493347 -0.1176231509470938 -0.082090052884588 -0.12499361237353593 -0.11622549691861232 -0.11378001112977641 -0.07896863864308763 -0.06368204993740417 -0.10573307763176464 -0.12097255101778612 -0.09443459109883931
-0.03861628186281149 -0.017259729447181165 -0.03160972292998093 -0.015045892023477083 -0.0043427990793469115 -0.016404161946374986 -0.022570432618097755 -0.0010023585374072548 -0.02872991555408589 -0.018999869667217496 -0.01148352449253214 -0.025198328295955984 -0.008607238785757962 -0.022118445056268688 -0.028784947343605385 -0.015810445580732795
-0.04328206840686184 -0.08688987102834167 -0.11313631408158642 -0.10349472527723885 -0.04676733941729417 -0.09906081492443733 -0.09341558665153811 -0.054373433616105235 -0.09714021128958895 -0.09364439905850827 -0.0895503428207984 -0.06556415861786791 -0.05166914708886002 -0.09133313174479119 -0.09192898214140431 -0.08321064351958417
-0.03093931127754816 -0.056596127853599486 -0.08566490318554384 -0.07027849171737265 -0.028767423082530642 -0.060490907858241884 -0.07825744781718208 -0.03821727445776022 -0.06973502884149249 -0.059849332880493634 -0.06989386046787838 -0.05128757048935557 -0.03952499995215406 -0.061966408610998155 -0.05708772576557564 -0.06177666557478854
-0.03932860471061677 -0.047326728434413545 -0.06484630641310138 -0.053570046961300674 -0.03230554831446934 -0.06405698518451497 -0.05700562039167159 -0.037214371526341904 -0.055643336986807665 -0.06278333542727822 -0.0454485907283454 -0.03938571249004911 -0.027797376013327095 -0.044476946855670024 -0.05049473573645318 -0.04338306969300017
-0.04173260019879739 -0.08353828724224195 -0.10899269376707817 -0.08787758175934002 -0.04757157065119716 -0.0866040395912402 -0.1017609822994402 -0.055980590388645224 -0.10120929699810968 -0.10505422962064408 -0.08768655628877536 -0.06661212107809032 -0.05221638924140049 -0.09732936778269849 -0.08461780269820268 -0.08745647431842257
-0.03770943075018473 -0.0863513852390062 -0.1074924513472935 -0.09826640517236306 -0.0454349886207291 -0.09867679610700708 -0.09109901375954602 -0.0647897274428895 -0.09476447614262297 -0.09702989166840255 -0.09310396485214777 -0.08174886499214389 -0.05779964464206313 -0.0860971287031889 -0.0861806983821389 -0.07269291910581867
-0.03949306182563771 -0.05976099843573839 -0.0686801861553667 -0.060833677551624055 -0.041316414233422395 -0.07099853109245349 -0.07789636862153702 -0.0488894289507711 -0.06610320640871875 -0.06946232753813983 -0.06055582276862936 -0.05760812250497582 -0.032710390825300875 -0.061085320133476353 -0.060857720216607375 -0.06176044730508196
-0.041403592392876006 -0.08108946944953124 -0.08787446663953091 -0.08377013074181487 -0.04269361854957483 -0.08920413642194829 -0.09484693898761916 -0.04636186254973122 -0.08956697206644501 -0.09177117401337784 -0.08062832900794514 -0.06857735145502154 -0.043982069196537445 -0.0748548354428948 -0.08300705135531775 -0.07552961753667023
-0.03576154350938625 -0.10978994228962095 -0.14247194932045765 -0.11913381541672192 -0.06819957109756161 -0.13109943917075054 -0.11737688443254045 -0.08100047689217399 -0.1277510988185356 -0.11781981264712427 -0.11154773183842531 -0.09496878306688906 -0.07644285466688769 -0.11101137602484518 -0.10776942489736872 -0.0975387746337371
-0.036744266995807066 -0.05679814265372029 -0.05533794654070999 -0.04834659468829046 -0.02477744536134275 -0.05332719154424623 -0.043240404680092936 -0.028192466820730237 -0.056555333358655084 -0.05361640751172739 -0.04116761653902351 -0.05004916940007643 -0.027114055684895527 -0.05306156342295524 -0.042419083118060114 -0.04978915315033749
2 16
0.45409520985040963 -0.11361703702571223 -0.2191353476430052 -0.1853483542810715 -0.07194052330038098 -0.21916555768528795 0.04359973172991132 -0.1447157561610233 -0.06575469228029682 -0.03996943974440019 -0.14871852763606233 -0.14907207708863063 -0.07490142619918948 -0.12498261326960579 -0.22906544901573694 -0.03279336035453834
-0.4462797918624756 0.10495359106695358 0.21085368537562105 0.17479794905833693 0.08519460108091274 0.2153924567600772 -0.044225132269598094 0.15397576705242835 0.07957828035830757 0.04155153678663801 0.14629658051126812 0.1469135338505663 0.07232457206675576 0.11921055673130178 0.22385206698902332 0.03189821976168077
SIGMOID
