6
2 61
1 112
3 72
5 52
4 49
6 20
CONTINUOUS CONTINUOUS CONTINUOUS CONTINUOUS CONTINUOUS CONTINUOUS CONTINUOUS CONTINUOUS CONTINUOUS CONTINUOUS CONTINUOUS CONTINUOUS CONTINUOUS CONTINUOUS CONTINUOUS CONTINUOUS CONTINUOUS CONTINUOUS CONTINUOUS CONTINUOUS CONTINUOUS CONTINUOUS CONTINUOUS CONTINUOUS CONTINUOUS CONTINUOUS CONTINUOUS CONTINUOUS CONTINUOUS CONTINUOUS CONTINUOUS CONTINUOUS CONTINUOUS CONTINUOUS 
6
2.2787,2.0656,0.9508,1.6230,0.0328,0.0000,0.0164,0.0000,0.0656,0.1148,0.0492,0.0000,0.4590,1.0820,0.0000,2.1967,1.7705,0.2131,0.9836,0.0000,0.1639,0.0164,0.1639,0.0000,0.0000,0.0000,0.0000,2.1639,0.0000,0.0164,0.0164,1.6066,0.0328,35.1311,2
2.2857,2.1964,2.0982,0.9464,0.6696,0.0000,0.0357,0.0000,1.6339,1.5268,0.2857,0.0000,0.0357,1.1161,0.0000,0.2679,2.0982,0.8214,2.0000,2.1161,2.2589,2.0536,0.8571,1.1518,0.0000,1.1964,0.0089,0.0000,0.0000,0.0000,0.0000,1.8661,0.0268,39.1607,1
2.0833,1.6250,2.0972,2.2778,1.3472,2.2778,0.0000,1.9167,0.0278,0.0278,0.0139,2.0556,0.1667,0.0000,0.0556,2.2639,2.1111,0.2917,1.2083,0.0000,0.0000,0.0000,0.0000,0.0417,1.9861,0.2361,2.3056,1.0972,2.2917,0.0139,0.0000,2.2500,2.7222,39.6111,3
1.5000,1.1346,0.8462,1.8846,0.0000,0.0000,0.2308,0.0000,0.0385,0.0000,0.0000,0.0000,0.0769,0.0000,2.2885,0.8462,2.2500,0.6923,0.7500,0.0769,1.8846,0.0192,0.0192,0.0000,0.0000,0.0000,0.0000,0.3462,0.0000,0.0192,0.0000,1.8269,0.0192,35.0000,5
1.8980,1.5102,1.1837,0.4694,1.1837,0.0000,0.0000,0.0000,0.0000,0.0000,0.0000,0.0000,0.0612,0.1224,0.0000,2.0408,1.4490,0.3061,0.7551,0.0000,0.0000,0.0000,0.0000,0.0204,0.0000,0.3878,0.0000,1.9592,0.0204,0.0000,0.0000,1.7755,0.0000,34.8571,4
2.0500,1.7500,1.0500,0.5000,0.0000,0.0000,2.2000,0.0000,1.7000,0.5000,0.5000,0.0000,0.0000,0.1500,0.0000,1.5000,1.6500,0.8000,1.2500,0.1000,0.1000,0.0000,0.0500,0.0000,0.0500,0.0000,0.0000,1.2000,0.0000,1.7500,2.0500,1.6000,0.0500,10.2500,6
