3
CONTINUOUS CONTINUOUS CONTINUOUS CONTINUOUS 
150
5.1000,3.5000,1.4000,0.2000,Iris-setosa
4.9000,3.0000,1.4000,0.2000,Iris-setosa
4.7000,3.2000,1.3000,0.2000,Iris-setosa
4.6000,3.1000,1.5000,0.2000,Iris-setosa
5.0000,3.6000,1.4000,0.2000,Iris-setosa
5.4000,3.9000,1.7000,0.4000,Iris-setosa
4.6000,3.4000,1.4000,0.3000,Iris-setosa
5.0000,3.4000,1.5000,0.2000,Iris-setosa
4.4000,2.9000,1.4000,0.2000,Iris-setosa
4.9000,3.1000,1.5000,0.1000,Iris-setosa
5.4000,3.7000,1.5000,0.2000,Iris-setosa
4.8000,3.4000,1.6000,0.2000,Iris-setosa
4.8000,3.0000,1.4000,0.1000,Iris-setosa
4.3000,3.0000,1.1000,0.1000,Iris-setosa
5.8000,4.0000,1.2000,0.2000,Iris-setosa
5.7000,4.4000,1.5000,0.4000,Iris-setosa
5.4000,3.9000,1.3000,0.4000,Iris-setosa
5.1000,3.5000,1.4000,0.3000,Iris-setosa
5.7000,3.8000,1.7000,0.3000,Iris-setosa
5.1000,3.8000,1.5000,0.3000,Iris-setosa
5.4000,3.4000,1.7000,0.2000,Iris-setosa
5.1000,3.7000,1.5000,0.4000,Iris-setosa
4.6000,3.6000,1.0000,0.2000,Iris-setosa
5.1000,3.3000,1.7000,0.5000,Iris-setosa
4.8000,3.4000,1.9000,0.2000,Iris-setosa
5.0000,3.0000,1.6000,0.2000,Iris-setosa
5.0000,3.4000,1.6000,0.4000,Iris-setosa
5.2000,3.5000,1.5000,0.2000,Iris-setosa
5.2000,3.4000,1.4000,0.2000,Iris-setosa
4.7000,3.2000,1.6000,0.2000,Iris-setosa
4.8000,3.1000,1.6000,0.2000,Iris-setosa
5.4000,3.4000,1.5000,0.4000,Iris-setosa
5.2000,4.1000,1.5000,0.1000,Iris-setosa
5.5000,4.2000,1.4000,0.2000,Iris-setosa
4.9000,3.1000,1.5000,0.1000,Iris-setosa
5.0000,3.2000,1.2000,0.2000,Iris-setosa
5.5000,3.5000,1.3000,0.2000,Iris-setosa
4.9000,3.1000,1.5000,0.1000,Iris-setosa
4.4000,3.0000,1.3000,0.2000,Iris-setosa
5.1000,3.4000,1.5000,0.2000,Iris-setosa
5.0000,3.5000,1.3000,0.3000,Iris-setosa
4.5000,2.3000,1.3000,0.3000,Iris-setosa
4.4000,3.2000,1.3000,0.2000,Iris-setosa
5.0000,3.5000,1.6000,0.6000,Iris-setosa
5.1000,3.8000,1.9000,0.4000,Iris-setosa
4.8000,3.0000,1.4000,0.3000,Iris-setosa
5.1000,3.8000,1.6000,0.2000,Iris-setosa
4.6000,3.2000,1.4000,0.2000,Iris-setosa
5.3000,3.7000,1.5000,0.2000,Iris-setosa
5.0000,3.3000,1.4000,0.2000,Iris-setosa
7.0000,3.2000,4.7000,1.4000,Iris-versicolor
6.4000,3.2000,4.5000,1.5000,Iris-versicolor
6.9000,3.1000,4.9000,1.5000,Iris-versicolor
5.5000,2.3000,4.0000,1.3000,Iris-versicolor
6.5000,2.8000,4.6000,1.5000,Iris-versicolor
5.7000,2.8000,4.5000,1.3000,Iris-versicolor
6.3000,3.3000,4.7000,1.6000,Iris-versicolor
4.9000,2.4000,3.3000,1.0000,Iris-versicolor
6.6000,2.9000,4.6000,1.3000,Iris-versicolor
5.2000,2.7000,3.9000,1.4000,Iris-versicolor
5.0000,2.0000,3.5000,1.0000,Iris-versicolor
5.9000,3.0000,4.2000,1.5000,Iris-versicolor
6.0000,2.2000,4.0000,1.0000,Iris-versicolor
6.1000,2.9000,4.7000,1.4000,Iris-versicolor
5.6000,2.9000,3.6000,1.3000,Iris-versicolor
6.7000,3.1000,4.4000,1.4000,Iris-versicolor
5.6000,3.0000,4.5000,1.5000,Iris-versicolor
5.8000,2.7000,4.1000,1.0000,Iris-versicolor
6.2000,2.2000,4.5000,1.5000,Iris-versicolor
5.6000,2.5000,3.9000,1.1000,Iris-versicolor
5.9000,3.2000,4.8000,1.8000,Iris-versicolor
6.1000,2.8000,4.0000,1.3000,Iris-versicolor
6.3000,2.5000,4.9000,1.5000,Iris-versicolor
6.1000,2.8000,4.7000,1.2000,Iris-versicolor
6.4000,2.9000,4.3000,1.3000,Iris-versicolor
6.6000,3.0000,4.4000,1.4000,Iris-versicolor
6.8000,2.8000,4.8000,1.4000,Iris-versicolor
6.7000,3.0000,5.0000,1.7000,Iris-versicolor
6.0000,2.9000,4.5000,1.5000,Iris-versicolor
5.7000,2.6000,3.5000,1.0000,Iris-versicolor
5.5000,2.4000,3.8000,1.1000,Iris-versicolor
5.5000,2.4000,3.7000,1.0000,Iris-versicolor
5.8000,2.7000,3.9000,1.2000,Iris-versicolor
6.0000,2.7000,5.1000,1.6000,Iris-versicolor
5.4000,3.0000,4.5000,1.5000,Iris-versicolor
6.0000,3.4000,4.5000,1.6000,Iris-versicolor
6.7000,3.1000,4.7000,1.5000,Iris-versicolor
6.3000,2.3000,4.4000,1.3000,Iris-versicolor
5.6000,3.0000,4.1000,1.3000,Iris-versicolor
5.5000,2.5000,4.0000,1.3000,Iris-versicolor
5.5000,2.6000,4.4000,1.2000,Iris-versicolor
6.1000,3.0000,4.6000,1.4000,Iris-versicolor
5.8000,2.6000,4.0000,1.2000,Iris-versicolor
5.0000,2.3000,3.3000,1.0000,Iris-versicolor
5.6000,2.7000,4.2000,1.3000,Iris-versicolor
5.7000,3.0000,4.2000,1.2000,Iris-versicolor
5.7000,2.9000,4.2000,1.3000,Iris-versicolor
6.2000,2.9000,4.3000,1.3000,Iris-versicolor
5.1000,2.5000,3.0000,1.1000,Iris-versicolor
5.7000,2.8000,4.1000,1.3000,Iris-versicolor
6.3000,3.3000,6.0000,2.5000,Iris-virginica
5.8000,2.7000,5.1000,1.9000,Iris-virginica
7.1000,3.0000,5.9000,2.1000,Iris-virginica
6.3000,2.9000,5.6000,1.8000,Iris-virginica
6.5000,3.0000,5.8000,2.2000,Iris-virginica
7.6000,3.0000,6.6000,2.1000,Iris-virginica
4.9000,2.5000,4.5000,1.7000,Iris-virginica
7.3000,2.9000,6.3000,1.8000,Iris-virginica
6.7000,2.5000,5.8000,1.8000,Iris-virginica
7.2000,3.6000,6.1000,2.5000,Iris-virginica
6.5000,3.2000,5.1000,2.0000,Iris-virginica
6.4000,2.7000,5.3000,1.9000,Iris-virginica
6.8000,3.0000,5.5000,2.1000,Iris-virginica
5.7000,2.5000,5.0000,2.0000,Iris-virginica
5.8000,2.8000,5.1000,2.4000,Iris-virginica
6.4000,3.2000,5.3000,2.3000,Iris-virginica
6.5000,3.0000,5.5000,1.8000,Iris-virginica
7.7000,3.8000,6.7000,2.2000,Iris-virginica
7.7000,2.6000,6.9000,2.3000,Iris-virginica
6.0000,2.2000,5.0000,1.5000,Iris-virginica
6.9000,3.2000,5.7000,2.3000,Iris-virginica
5.6000,2.8000,4.9000,2.0000,Iris-virginica
7.7000,2.8000,6.7000,2.0000,Iris-virginica
6.3000,2.7000,4.9000,1.8000,Iris-virginica
6.7000,3.3000,5.7000,2.1000,Iris-virginica
7.2000,3.2000,6.0000,1.8000,Iris-virginica
6.2000,2.8000,4.8000,1.8000,Iris-virginica
6.1000,3.0000,4.9000,1.8000,Iris-virginica
6.4000,2.8000,5.6000,2.1000,Iris-virginica
7.2000,3.0000,5.8000,1.6000,Iris-virginica
7.4000,2.8000,6.1000,1.9000,Iris-virginica
7.9000,3.8000,6.4000,2.0000,Iris-virginica
6.4000,2.8000,5.6000,2.2000,Iris-virginica
6.3000,2.8000,5.1000,1.5000,Iris-virginica
6.1000,2.6000,5.6000,1.4000,Iris-virginica
7.7000,3.0000,6.1000,2.3000,Iris-virginica
6.3000,3.4000,5.6000,2.4000,Iris-virginica
6.4000,3.1000,5.5000,1.8000,Iris-virginica
6.0000,3.0000,4.8000,1.8000,Iris-virginica
6.9000,3.1000,5.4000,2.1000,Iris-virginica
6.7000,3.1000,5.6000,2.4000,Iris-virginica
6.9000,3.1000,5.1000,2.3000,Iris-virginica
5.8000,2.7000,5.1000,1.9000,Iris-virginica
6.8000,3.2000,5.9000,2.3000,Iris-virginica
6.7000,3.3000,5.7000,2.5000,Iris-virginica
6.7000,3.0000,5.2000,2.3000,Iris-virginica
6.3000,2.5000,5.0000,1.9000,Iris-virginica
6.5000,3.0000,5.2000,2.0000,Iris-virginica
6.2000,3.4000,5.4000,2.3000,Iris-virginica
5.9000,3.0000,5.1000,1.8000,Iris-virginica
