6
2 61
1 112
3 72
5 52
4 49
6 20
1 -56.6064238209503
2 -32.286998460905174
3 -224.0662523193114
4 -25.1324353892847
5 -57.3740195475837
6 -136.37096891148477
1 34 5.317177006773061 5.417756490681048 1.8853004702143157 1.341200708476297 1.143870742430628 -1.312421188557629 1.1311929888560701 0.857864604510671 1.8128351961284213 -2.4361703255790697 1.5351642766074536 -4.374266408089134 0.1580201543737405 6.282725476747156 -0.6775564989159297 1.5851274641958162 2.5058636651178667 2.605963838526769 0.5631147889678191 8.4744745314544 4.887069607813586 8.576015417234427 -0.2234133185951357 3.4171157177167797 -0.256133482581242 0.41737959641412503 2.499263938788799 -1.893296050890589 -0.28214204651753194 -4.757409571449153 2.323231067208679 3.1038367907666133 4.353377113286901 0.2133165786952274
2 34 4.649507495025321 3.847209883667114 1.4173705048960192 2.1296043296990264 -0.25373281909779455 -2.1150414571613774 3.8122341276041265 -0.8928119488023606 1.0451233684549757 -1.4575025649745217 -0.958670659025145 -4.298101458939644 2.348893710600259 4.398095628229282 0.3677777337465811 4.396589238289726 3.345402553232271 -0.06488993276742475 1.0948328851039462 0.6440515299692573 -0.7232889707707232 1.5751899734451396 -1.5264497814641513 1.4929596240681082 -0.15637157463206297 -0.4720825825035103 1.4095490145560294 2.676254394822712 -0.06420360929347455 -2.1448345711142203 -5.100143873333356 1.7507431546095498 5.139571434335363 0.19769368675444018
3 34 7.348960351485648 -0.6979233897020508 0.2328138190679569 1.8439931735480388 -1.924848950729837 33.58843513218921 2.5587467963350443 10.830300961262692 -1.2392454422712258 -3.8729926376963695 1.2082675326134573 5.70948827190476 -1.5449067003056385 -0.14867712209239625 12.976582605375834 4.80821161117147 4.241330812619926 2.0743021944535927 4.457950983783472 -0.8273355281589313 -1.9036779014783207 1.3230165795553177 2.846437029554931 3.826880564020706 17.072750909805723 2.4650046995738424 13.765177721218528 -1.0404199693017382 27.776909608453447 -4.656834613034121 0.4368167213445514 5.843621797090339 51.838220905075616 0.26103950110239477
4 34 4.02341868771435 2.2424801554134306 1.507099847583108 -0.24545876611455086 3.2077173120103057 -1.3774069085647564 2.8588388025158573 -1.6627311251120471 0.4587709256393919 -1.1836117251903118 -1.2030303182351445 -4.460329691620773 -0.31193567080360923 1.7066022771302272 0.417152396603026 3.9821886865028504 3.0022829737574406 0.2667607466137472 1.7594065448579947 0.06824935993486186 -1.666781458134851 0.3510418659590106 -1.096096584537854 0.7100948855602855 -0.3913445269650133 0.6903364040394119 1.2548121904237732 2.2614428347282214 0.2397900164526823 -2.817231825972444 -5.83235883791451 2.4801083538586104 4.173589257649857 0.1880944041585716
5 34 4.568063245559337 2.7111189193188365 -0.647599792022384 2.1914124968825024 -0.9812914957023696 1.3923165512204625 8.69819628972672 -1.0362169394776324 0.3846969600169605 -1.7251388052229188 0.12566998029533327 -0.5798830098461232 -1.5746595839368118 0.9038165018652989 26.574138769927657 1.3526952512765136 4.264590963125273 1.2336033290101034 1.1767393254885967 -1.0295751498134864 4.9803296142999764 -0.94248405285644 -1.0553993162010078 -0.021852124171163834 2.902299972731807 -0.29161183387282535 1.0636729731827832 -1.8920924219807935 1.3712524162010535 1.688119557648786 -7.069230314262581 3.923431492850069 8.414287326186058 0.1762350354196855
6 34 4.315382511103849 4.271437482623736 0.5124100732592404 1.7552513744843896 -0.45417792475759067 -1.3986957266584905 23.130393668690385 -0.013619989907118556 4.2015066860816574 0.05801765809668787 11.45100780296554 -2.565899053524096 1.3366679503067795 1.0304082862801687 3.2067218243353057 -0.5338776841426618 1.7901892115784728 -0.5783434281125397 -0.587622399578505 1.002453915316562 0.8584741345097445 -1.4434571332359107 -2.310730906371246 -0.7183990728920663 1.049856336066865 -1.1454141433340017 -0.14318715502951584 0.48631085850522626 0.5273648727706671 -6.792410909767135 92.58967582695958 2.8468492116337822 6.869725104641626 0.07506847816618024
