6 34
5
6
3
1
2
4
6 35
1.7785325339395273 -6.055174035898209 -9.0483857160132 -7.089960016133088 8.589333203091963 -11.696957708447918 -3.695438359631825 3.126371759780933 -2.991623038429756 -5.474993940923111 -5.535462042151557 -1.3737890037208877 -3.7787800016241877 -1.3976311276336697 -12.602984806578215 40.31763708698567 -14.051977146538269 11.346611146606628 4.002401721916659 -3.23023502474577 -8.036489344198557 20.195700757353073 -8.733151101353927 -3.8464966126972078 -4.922374532866096 -3.488590280735522 -6.733610320346336 -4.15654970592235 -18.262727162311656 -4.071033013745112 0.9077906918921637 -0.5113195707177286 0.13885036104544693 -3.9158471755835955 1.5635877920785402
3.023415497972633 6.893039734508685 5.423577997436098 1.4397992625675313 1.074358174666526 -0.864978359697466 -0.30699053268071613 10.425707432989066 -0.21376665063866493 9.124367377656743 2.4575111983206153 1.6034424423097566 -0.20648886829930496 -0.5469428912100651 -0.06491951464266772 -1.277321952683829 4.498678263567399 3.83186270289191 1.8305828719281556 3.490507686141915 0.13435832470605483 -1.0882767642879352 -0.2551985885540975 -0.13596354016175766 -0.09910088003795628 -0.20067045049864007 -0.4195315354223684 -0.20018674047260604 3.9242360668111704 -0.21548946801760935 6.715414877680726 9.76023447803355 3.9631556960390326 0.5595008680035117 -1.9723921076465045
-1.8792409190868706 -2.4091368417859265 -5.604469098629382 3.389048162022154 5.073434411257236 4.910803750344138 15.811895026078256 -0.9806267824550731 13.70022163484273 -2.83872282765454 -3.9372904983498773 -0.6313585766507542 16.77808463944052 -0.3878469332430743 -5.0121160022109805 -3.0241087109820493 2.3721165532868405 -1.4043039251538076 -1.7793625766356673 -2.828683125768982 -3.334616428174056 -6.864204334086109 -3.354156899805273 -2.3048454496221207 -2.1370908162492515 14.842886534603524 -0.7892481285191222 17.792896677374888 -4.445206307558388 16.839336084220687 -0.605400431985327 -0.6140683034548942 -0.5820050292939404 20.873902470500415 0.12223735627328343
-4.659006070886875 -1.9212018294683362 1.2606966956106351 7.139146058251428 -1.7885524099682393 2.8259166143807795 -2.4911589606479407 -4.18693177106108 -2.081016517004701 12.055406105117036 13.52310265068458 3.5006928734542444 -2.2838467266245606 -2.714825841297916 9.835553003902579 -12.698938130464512 -19.799192370392422 -5.303531159745087 3.7451362442339384 7.717157508701871 26.448082789438015 18.43481044939513 25.282824996803612 9.82096443822277 12.449806046290835 -2.4931822622750355 11.501248455109337 -2.6904226907969035 -24.140843717000262 -3.773921963111591 -1.9141734884359993 -2.4231359664697405 -2.585296585723139 -5.093665905883485 0.28940929912242447
-3.0502710112128244 3.2351912785782013 13.415137906165851 -5.359999230917881 15.205597259355443 -26.626659600941505 -5.046292032325191 -4.353861092814108 -4.5836695454476075 -6.053586849142417 0.08327472268445625 -0.6590630372479596 -5.564843719168084 12.959174244635838 23.282847453285353 -13.782786736723047 7.736448094133156 1.12786049257783 -8.950712998874415 -5.125347494806438 -7.931572895633122 -11.99817989824569 -5.802624616762781 1.9579408542326555 -3.4376851127465504 -4.5804198183368605 -16.317646678448465 -5.73740031224516 24.57723252443557 -5.253904091572222 -3.4305095404073245 -4.370846448520298 -11.479711977556804 -4.420138101021443 -0.11953152745295523
4.808374654501238 0.2592386362945997 -5.4474429493176615 0.4991591678093663 -28.15535810932021 31.448090224392473 -4.271546409336498 -4.002524874141142 -3.8321409775413517 -6.796557111589123 -6.605381480405747 -2.434492506325312 -4.954838072862627 -7.90400521026481 -15.440461265887766 -9.517284409742842 19.255665549088285 -9.621992525014889 1.147312906154289 -0.02776902642482611 -7.257792811215092 -18.66441810406307 -7.147536661891569 -5.5070576824413715 -1.839077977256546 -4.096875799873463 12.747152266149678 -5.01242953330714 18.337742042444084 -3.539482235294207 -1.6774555578264991 -1.8629036941631125 10.52614918078329 -8.003781812437508 0.12519923204647132
