6 34
5
6
3
1
2
4
20 35
0.06213257605572315 0.18302667896661146 0.40245068322189925 -0.2171236978122846 0.5155102100782931 -0.9707359612954627 -0.29092480599395015 0.3899298108202931 -0.214934919377898 0.09020973997646066 0.061768629197219344 0.053959799829058394 -0.2679122222209294 0.3596418643757841 0.688329117644034 -0.22689349671364062 0.14383101284516817 0.033817575531532675 -0.1816345020036139 -0.043712814256997766 -0.3693292806604934 -0.32534312709160845 -0.36475245672446055 -0.0046322456631189505 -0.1710506546434625 -0.25575980246609786 -0.5066349600711214 -0.28875856905467095 0.674045008087386 -0.275779249953221 0.2238081017269966 0.29878094001548994 -0.42245711128254115 -0.2116432395518762 -0.05157839437948167
-0.11019556680854045 -0.026578984329224464 0.021762786447983396 0.1286754195758532 -0.5830457806344208 0.6401654839225654 -0.13178493861982213 -0.3192757740140995 -0.11014587004119895 0.17880336774842345 0.18395239786155712 0.02012916650948252 -0.11674970465031362 -0.13503714642676898 0.03635967541257588 -0.7253847840955715 -0.03222483624038976 -0.31262727977809923 0.043471136011648245 0.0904726259982927 0.6270512901389969 0.04275356707109557 0.637840298850528 0.1898931709682487 0.29649837922315125 -0.11490375596493554 0.46041284910659025 -0.1261986939048041 -0.13456709229928512 -0.14241831325969212 -0.15184177147314057 -0.1894205520009679 0.09248841724014906 -0.23484189514685097 0.006040667154149677
-0.0315581763918075 -0.036775121944195986 -0.014465194773423454 0.16244648507737028 -0.04677979793120606 0.07861692030885395 0.2658731736272489 0.3724264183760047 0.19136160482394776 0.49410696650536073 0.20534674307026884 0.09616968922183065 0.2283884996442613 -0.10967707304278726 -0.2560370574550036 -0.027979992550482606 -0.24195889677793586 0.1316061355826456 0.16483444530067243 0.12482092521949084 0.3789536011764849 0.2647089725202531 0.35620559740438873 0.06775695319807488 0.13258539261344623 0.22262841463459818 0.16779154366341822 0.2629529076928693 -0.47519989948609165 0.21338173288447562 0.31564091876781897 0.3780634768945926 0.20069976074083568 0.29731037462936327 -0.03125587164375679
-0.08959407034863649 -0.1468510019882371 -0.17490927203015166 -0.03222334406724612 0.04976725696857995 0.11259568504239766 0.028195613762412818 -0.5536527429236907 0.03324079463517207 -0.464583421552311 -0.1106460560444496 -0.08146031009219315 0.03702087233584547 0.027341870722649257 0.09476679880775733 0.049147118313360855 -0.06681635885926245 -0.17240030797135789 -0.09658222324102317 -0.06814249536309828 0.004435174284159111 0.056381946133942616 0.021238239919592602 0.020749935434928007 0.021445816438672674 0.024286226868740927 0.05248101081730352 0.028545280154008937 -0.06331786571249334 0.031483212203122696 -0.4363322983651954 -0.5348740289936 -0.13754490079278556 0.014660600945895339 0.20112315791972515
-0.010675523827496149 -0.00444776560216086 0.07472238734627715 -0.12659767088961732 0.433731209119263 -0.5209015959440263 -0.2691403444019132 0.13291577756372114 -0.20120812038146224 0.20888587580861354 0.14066686366552475 0.05057095738256995 -0.2528649587323276 -0.005015111798271436 0.12002671624590053 0.6612956378157143 -0.5126729725291084 0.2576689835377388 0.08845403157971687 -0.03387139635669181 0.27494290511454517 0.7530478659926964 0.2751469676271019 0.13671371989284054 0.11834542960558152 -0.23553875868153837 -0.10116258003179016 -0.27709675038788234 -0.48170541382594734 -0.30270726213558813 0.05374439065961496 0.04591609358938725 0.002294918358846402 -0.274037469186634 0.02204482539252249
-0.1896812792207775 -0.1383653552476486 0.022811156642851167 0.09967653415972742 -0.1320883497617378 0.018893035096592837 -0.12352584526978745 -0.2652731903092739 -0.10164879218498922 0.23177509934412396 0.23863927234698565 0.05285454978578412 -0.11880317245916627 -0.03050958998159379 0.21703662700280804 -0.3636858315571031 -0.46461110077930956 -0.22713101697965077 0.045370392635001824 0.08010971534446379 0.682187383584072 0.4151440091395687 0.6935200884281906 0.24241482655503424 0.2933920100870916 -0.11247984127858726 0.24809594048407707 -0.12804606051812428 -0.5871116568582031 -0.15214835576135866 -0.10593541484264558 -0.1692584700292338 -0.07877045921070792 -0.19130379188700192 -0.00938156800199609
0.005297616647716538 0.04515702172560885 0.1643335814416956 -0.13424204021977812 0.17778102573080623 -0.2742221545699708 -0.39205093138679303 -0.3404044807261229 -0.294139566131277 -0.3408458262226573 -0.08315251981334543 -0.05168601792621884 -0.3473365318262152 0.15771559959925024 0.5402162621912052 -0.1222112048072365 0.06901044215697633 -0.11739389613041125 -0.19560759010831627 -0.09038913090954145 -0.16495969435342675 -0.13251849251189005 -0.15774433992184772 0.034994959779926 -0.03871136517380849 -0.3430347931302698 -0.22230573307946297 -0.40085201442211627 0.43207057898764284 -0.35215902164741936 -0.29344469333175777 -0.3545584177094805 -0.2794650450726525 -0.4083969817833313 0.025167592495137444
-0.05403289859911873 -0.10165830372032604 -0.17231909619794963 -0.08553785556474348 0.1024915052522605 0.08364114415811226 0.008676511825211423 -0.5291832613888194 0.020463794932465224 -0.5406672044146874 -0.19738300627661517 -0.10756333973562164 0.005745798612140305 0.06086414501054658 0.08748564566410943 0.09287026475434533 0.08657078661986346 -0.1550863619357166 -0.10595563819979562 -0.10188801495031978 -0.17298089430350655 -0.07217556273441157 -0.1471062584200375 -0.027549705966061693 -0.07012777849436728 0.02351179685103475 -0.03155529947419409 0.026303967671489285 0.08136562294789056 0.014812509551962083 -0.4284621269082922 -0.5368700622031275 -0.1301917069165931 0.007340502885703036 0.1639208055070243
0.12232477041266705 -0.11976320424867086 -0.5010783009330191 0.008589860184780269 -0.4695886273355779 0.8726836786470966 0.2509305771442394 -0.1799611904375526 0.19709907405369628 -0.4340419287558332 -0.35650859883362984 -0.14861176685422933 0.22318427622789572 -0.31865215384136025 -0.980201427766331 0.8042262707546485 0.19608977481163248 0.08474023156273461 0.16380512154677407 -0.08586508602011599 -0.37460046625615157 0.028601159092929877 -0.39321422971234293 -0.26937588780346283 -0.16268335622817223 0.21993829609351526 0.2621466045344024 0.24858880732599636 -0.17326177434993698 0.2575927545973934 -0.19368290814089253 -0.24668165154790794 0.4011229085935454 0.19615019309490145 0.014448723262399136
-0.055546424089587085 -0.06242448573845642 -0.015484236447507467 -0.042593915057895324 0.21384162862411182 -0.2937898835056438 -0.16157479836989297 0.1069929573094072 -0.1200877975821243 0.29508868291656565 0.20375456167641376 0.0564691332343771 -0.14962942649740793 -0.07535539658247126 -0.032096213407415725 0.4575388593202325 -0.5533807737037226 0.14627049258080246 0.13809762955302352 0.013802330068132466 0.42661768653032694 0.7242237917126403 0.41184032082145067 0.16004046001254113 0.1617512743722323 -0.133373191990276 0.05847304619805236 -0.16593888727485281 -0.6588100613301016 -0.20252857423288206 0.08026011101106313 0.06713547382979318 0.07697913159117613 -0.16812233328002274 0.005114778331719746
-0.1156766980965177 -0.1199441666386879 -0.15532518290902764 0.2586610816520258 -0.48640155657866185 0.8477662622259416 0.37579941117451865 -0.2816907458512088 0.26701412364867483 0.14122069139415797 0.13142253857235608 0.024020077829832585 0.3310716202542827 -0.2016925315542881 -0.295696230560798 -0.5831530180353125 -0.0014430661126898967 -0.17807406026590716 0.05738020362704655 0.10348619347334174 0.5296368125424012 -0.003509015916685649 0.5206295470818799 0.09012047932041076 0.245208236995319 0.3132301003436049 0.5150623281968809 0.37195013157756307 -0.34264648360450217 0.3341774325749519 -0.1234081163595411 -0.16376476824826816 0.23017650244467833 0.29654163988175725 -0.004006682166901443
0.0019166961545445942 -0.14624450470255954 -0.3674574460980595 0.05548505979689282 -0.2796691323488897 0.591794830767893 0.28115583822573087 -0.21291186091347994 0.2011963243763341 -0.2226771063172877 -0.16458696648698207 -0.07654655687792335 0.2532375553811084 -0.197051371524073 -0.568115699756165 0.3369097183719863 -0.012988134140739193 1.636109740805202E-4 0.06681777858011198 -0.03527021918764237 -0.07514049144488676 0.061059026640234014 -0.08712459025213772 -0.12001477906078135 -0.03353416034998017 0.2258109099749847 0.23350727505669092 0.2627992330213443 -0.25073015156620665 0.25542892593132355 -0.16649571055855797 -0.20342243591143153 0.2350251143290449 0.22974377612583824 0.022973126906608684
0.11722808638284361 0.20731469399629412 0.24748096268148204 0.05177138736270827 0.1792189249428365 -0.2658997538013165 -0.07072266024755866 0.4917129010117665 -0.06103056493167201 0.3608645555431818 0.08684026028587198 0.08084834614438782 -0.0730761172556661 0.02049593169765406 0.14882528209539359 -0.027277298094936255 0.12849421799120564 0.20946250586492351 0.06285125718856863 0.07874165415228722 -0.0937882862189946 -0.0868771723668809 -0.11658174739224265 -0.003622471117459778 -0.06904682635918223 -0.07050138316197284 -0.15467824859589283 -0.06999370535288296 0.15628778969083248 -0.06394951829508952 0.35276618153011813 0.4506632501284261 0.08913734392515318 -0.05586819572614554 -0.17015551406094948
-0.16109934475407797 -0.05844186148658289 0.08801846640347644 0.15406172553093453 -0.3022714636822994 0.2039594323158674 -0.138987649242485 -0.14758094515039558 -0.12092650338913427 0.326463928549822 0.278750321658064 0.08273075545240433 -0.1390431671891101 -0.06687119868291815 0.21187275870129918 -0.5974157784244637 -0.3057712057769819 -0.2391938955535752 0.08118667275855387 0.12631588285453135 0.7026519380559169 0.2626924888808911 0.7198310332638649 0.24515124135141614 0.3124016262442239 -0.1344568208727827 0.32308577950895156 -0.14574964118570252 -0.43528626292841294 -0.1790373241191398 -0.01181324225050694 -0.055490112114491924 -0.0067978167843034485 -0.2075873049264408 -0.010331551630098428
-0.02328563851403825 0.04829207647245026 0.057907690048539566 0.12007170415587737 -0.2123359193024938 0.3905449462162623 0.24854516007075284 -0.42023812892935647 0.1983437720918138 -0.36674271637963024 -0.11521652429156137 -0.05940303456670119 0.23647925329016456 0.14184923745374023 0.28152537897552343 -0.917656272909379 0.5597220564374452 -0.29510006887440215 -0.22881362091125923 0.026094609548134824 -0.2538261509789971 -0.7905364789933664 -0.23568859348292445 -0.05441858656196525 -0.07680764381059635 0.22256006450495705 0.030693444013101798 0.2641212104219022 0.7082324955221153 0.29495519690491007 -0.2849828091093582 -0.32740377775696117 -0.19911152916594602 0.2685556039604788 0.011348499688528564
-0.1226310326735414 -0.08595006044145995 0.014680679792084738 0.1151093968559984 -0.38931790934618776 0.39563455250066276 -0.12222599420309956 -0.24504382558818208 -0.0932863897438681 0.20583835071290224 0.19616128060408855 0.04638934472932031 -0.11286089637148745 -0.1154941478277135 0.05557747099167274 -0.5101439011694707 -0.2091570639852429 -0.22486931997118523 0.052567035673264324 0.07312779103300071 0.6093411119547992 0.19479216744666203 0.6039830861646993 0.17590012429490398 0.2694172456666944 -0.10720478362328807 0.3633051963155213 -0.1184761076783785 -0.3309059124193271 -0.1412017174978549 -0.09933352883348442 -0.14660476060784422 0.03231967764169917 -0.2037014286789206 0.0073682710299465635
-0.05280341408169104 -0.08644223808056453 0.06745560925965698 -0.14435421726111694 0.3140584836725274 -0.3665137506372611 -0.3583721363044315 -0.36507103066837326 -0.26322654506780196 -0.22116975601305167 -0.009569754946397693 -0.055890096166067216 -0.3359902902947753 0.07971679940558438 0.37705597560865606 0.38553436873707064 -0.33646811656079534 0.060379726016005685 -0.0778935324332478 -0.07399548084041506 0.14817639401449675 0.4567687222894694 0.17131226687784287 0.1248768904641666 0.0963764762452743 -0.3134329946775779 -0.1260463275002487 -0.3784996124016453 -0.11865943039228495 -0.370598518977471 -0.2886096613809328 -0.38545669055044307 -0.16234235018850796 -0.40835175666862256 0.04674251612084093
-0.08352297431881242 -0.18419743792837867 -0.2536458316682925 0.060076144144852045 0.05069882962283651 0.09614359728076423 0.41424716206233425 -0.12789061823029188 0.3082709297735177 -0.1636017721349351 -0.09188536346868162 -0.04117367630859792 0.3780368984024516 -0.016249532076905937 -0.25232772018099725 0.08089278633152906 -0.0855346009129068 -0.027119644745307536 -0.03701644762409581 -0.0626240705961789 -0.10558619459060167 -0.07022747548732615 -0.10280170969287786 -0.06794489330936367 -0.062265463927402905 0.34069455575621205 0.020263365713808573 0.419023458768617 -0.2028451733845041 0.3956834164188851 -0.11126102630625552 -0.1246576043158998 -0.01234730992759742 0.4521304724566907 -0.031829936447232934
-0.08150132755976086 -0.245173580790939 -0.2551213271599413 -0.11714024362513886 0.22986925535888414 -0.2575435915011538 -0.07832061081117883 -0.1038818213451942 -0.06682074607014818 -0.0026074020137678653 0.02561813356299343 -0.01889202724319775 -0.06547580744710293 -0.1193313866848676 -0.30904798035790143 0.9463493784222331 -0.709508214359448 0.20243741221515668 0.16559371337349216 -0.12632381040038332 0.3052252212114265 0.8857770458012021 0.2963060667560037 0.05913901137911979 0.10554717948518307 -0.058792875663987644 0.04291258660916103 -0.0773773180380896 -0.9261513672962858 -0.11874069467581558 -0.123845971167947 -0.20242069358008613 0.08828279201861311 -0.08533724325956704 0.022165441364035244
-0.19712496855819261 -0.1587137599492781 -0.07304274937474077 0.22070206340406137 0.04444661009032877 0.07017813670001667 0.40134407437786807 -0.22134104373108765 0.29065280872198507 0.15449537960772536 0.19685530128190568 0.03335586640379939 0.34183790154880145 -0.03037349560947445 0.04253209902501603 -0.36187024305713705 -0.36214560483330316 -0.10759783672268146 0.005430058216060917 0.08523905651650714 0.48836763624456414 0.21643121845222846 0.50873490382281 0.1688304458758461 0.19760950271624034 0.3346373736563083 0.2082272072320923 0.3850434107061153 -0.5272775392763985 0.34512305631955825 -0.10874001092965135 -0.14916619645604814 -0.017887581742916568 0.41964587115764573 -0.020268257622910218
6 21
-0.20363204064416734 -0.37784381497913583 -0.80617933446983 -0.16051755392443137 0.16856816760104812 1.2659046915899326 -0.24133492206220475 0.02377576330281163 0.20771687336534067 0.9371845872850083 0.8147048412010822 -0.7877415682905171 0.3554302973397324 -0.2372368659099032 -0.5924700021262221 -1.645686642677483 -0.4550019764862919 0.887603849911009 -0.03346526513962503 1.6462037900095838 -0.4774341113003586
0.8287503798860645 1.1947763168995975 -0.04393839457994595 0.9103505559346513 -1.212180374767249 0.3593384421913492 0.06386377517838354 -0.21524331980570918 -1.2064390500268705 -0.6500972783264526 0.3417351483580101 -0.20854094809645968 -0.4434314860677379 1.6623449615540278 0.28539633262880815 -0.3056331000818893 0.0618954824431773 -0.6286079722660244 -0.23715607507349956 -0.21630573663447542 -0.12433938279449532
-0.15889604593895484 -0.9992795870028749 -0.5251739323724874 0.4479692893739841 0.08030865828867861 -1.2515209222600272 -0.5676123292408062 -1.5062518227375583 0.09726257374744665 0.9240017977044888 -0.727547681715947 1.1311603359936344 0.8971422099563952 -0.3985275645630263 -0.6862661233882256 0.9446381397195787 -0.5418147828791782 -1.3681774053332423 1.5379333416714631 -0.38412014435557423 1.1086132670379056
-1.173425974697328 -1.0828233967304497 1.2425141404307878 0.4057546735650743 -0.2598442170168998 0.6085870619853119 1.4160626804234713 -0.3028506473475853 -0.570591028075559 -0.9539072214921382 0.8497361091709176 0.7667104136984428 -0.30476957297138013 -0.6538810045946121 1.4450250648524359 -0.9441855637460931 1.194839088046308 0.35226316795952983 -0.5520251342862924 0.6453512349296947 0.723498825190639
0.3656551501118518 1.5000567985250977 -0.3796207923999367 -0.9644976642070646 0.5442763429464068 -0.07953016912481059 -0.36421031447865315 1.5052108623825298 0.7140952404897359 -1.02754413279669 -0.49060475839283896 -1.087009958483394 -0.7629686179708447 0.10801527393656525 -0.36788485593325737 0.9093908710646905 -0.42209654179535955 0.8572568679458924 -0.4606774358768442 -0.8630356830147259 -0.5793928143083628
0.3414790231998791 -0.22846030387986052 0.5365532706411708 -0.6335497253143235 0.6848679989455141 -0.8873115986118876 -0.3134600706380937 0.4900235561608151 0.744047004692518 0.7808594143015137 -0.7948164413781671 0.20080084226726205 0.269687157038731 -0.4729562648536292 -0.06276796133485206 1.0516511351335451 0.1947442661101994 -0.10083244689935333 -0.2764970339995174 -0.8553929324874063 -0.6567205174915167
SIGMOID
