2 6
1
2
30 7
0.005415460376487956 0.017536917947277957 -0.10193511899359352 -0.12785892735660365 0.132809109190698 0.1288457270703431 -0.013195298272515574
0.008895124217638124 5.83187280974398E-4 -0.019801589014855934 -0.05593669701197536 0.01829974588255669 0.006662744230800575 -0.00541383175758556
-0.0072476496016357465 -0.005732632557020266 -0.08223845782554792 -0.18306258173073986 0.05918114644535815 0.06307716536801325 -0.02520465273825512
0.007059978592800917 0.030922231365837848 -0.050185772458187304 -0.14003701171296687 0.06561274025938893 0.05953099282734417 -0.022628944752282033
0.0013722247182233365 -0.015604426643346273 0.002879310398622906 0.011542917226086469 -0.019688694104345598 -0.026414342581484458 -0.006625109544018264
1.890327337490289E-4 -0.06748154507256347 -0.10520902209200153 -0.0858252250206486 0.02880419216230283 0.07979405324926488 -0.029819190187608
0.00760606557767758 -0.028567989499704835 -0.012998155886504853 -0.005592412762177393 -0.011168609174947728 -0.003937724405149168 0.008709106886721375
-0.006626303073509725 -0.16417901082667588 -0.20703636769854236 -0.3701459327574405 0.0952967017826869 0.2470271880495748 -0.008619816293054066
0.002200542323494618 -0.05707423201851616 -0.08291021196687573 -0.10059950622442047 0.06234873672003103 0.07173777000038337 -0.010560208056857853
0.008656025443690669 -0.07809673349912298 -0.09417653612543701 -0.0812310469721992 0.030153535504138518 0.08418251519545816 -0.011060378120475374
0.0029127343317413763 -0.1337444647568926 -0.12958603731488053 -0.09816420132204322 0.04150028943432225 0.09232122846189718 -0.01820184664290125
0.006451539140483234 -0.07595743020828917 -0.16197699511058938 -0.1562911630636418 0.07112748551730354 0.1280406846661579 -0.0050237694153317854
0.0035269492431428424 -0.08176498353798269 -0.10818811013400366 -0.07749726917559054 0.025781591205426547 0.0933498174316617 -0.025936065926517888
-0.007196964647469214 -0.007652286052016486 -0.0824771758745477 -0.152049272218749 0.0630897450239418 0.061896766597986194 -0.016235046052770347
-0.009418558216141426 -0.1207994614576638 -0.12357893549168052 -0.14593828775962922 0.0600953631199503 0.1076746676148739 -0.02121062040192211
5.812853205041666E-4 -0.0527737801306837 0.07659260794199543 0.23675349757580758 -0.1989768872318926 -0.3512412951067166 -1.5172217862877705E-4
0.0036066362538937895 -0.11611741206388199 -0.11666841711880202 -0.16045537858064524 0.06789477628482157 0.13373145065794118 -0.024053587726378434
0.004638629283723767 -0.15669225842631504 -0.20752370386398228 -0.38274160720997463 0.09481816491943804 0.26731771249563296 -0.015884581270180186
0.009129918176523892 -0.04356220243214033 -0.089992524541004 -0.28905438537869715 0.24915411681960678 0.4964646174652106 -0.010996035542554097
-0.010968256753484978 -0.23618228269463315 -0.2655252178877746 -0.29364106434311094 0.0966598725628477 0.2869793011301379 -0.02128062317148973
0.003898998872399643 -0.19635172887488458 -0.16154533733820559 -0.31192705277560784 0.2074187817791678 0.43985329453908417 -0.012406087690174863
0.007969380925010624 0.005754794726345548 -0.018087884322199866 -0.08469843061097794 0.04501876178644358 0.02163776427965534 -0.019324183827975266
-0.0025539161893522013 -0.08645561197047438 -0.15624382717410226 -0.2276130212136417 0.11659131065637918 0.14948300256236868 -0.02695237045871244
0.0026486008613492837 -0.10645724583219812 -0.13691053494109232 -0.1306460996038943 0.05188256118494579 0.12904000313540367 -0.02522666075271787
-7.230858899604435E-4 -0.10226916255089409 -0.11408551094191866 -0.09716339800013765 0.012477524633344146 0.0481764590321546 -0.004652252417636812
0.005832150248228622 0.07041138479593684 0.12702859824666204 0.23592615065323075 -0.044120674290631504 -0.13800747688821258 0.020855382679101333
-0.006239001501137554 0.04277244989309842 -0.07425641905423384 -0.13945991293848128 0.10038091814178936 0.046305143473134816 -0.02393710788289208
0.0036674119629944483 -0.09804283021170994 -0.12501864315338496 -0.10844552294385112 0.04407916720521815 0.11263313020569299 -0.018320468569856238
0.0020866851601489245 -0.1056296914852762 -0.13941806271187404 -0.13050590753587965 0.0522908624784219 0.12953938460502118 -0.025745443913692684
-0.004841839806277396 -0.055448365807257295 0.07056896543420133 0.24511906228829272 -0.31243797421388425 -0.5365080414372604 0.007917238542366565
2 31
-0.059381874613188154 -0.05569623778252318 -0.022047512490540027 -0.07296352971969823 -0.0370139104278131 0.005537082916545652 -0.061828751728827916 -0.007776588964704786 -0.1772889583645422 -0.06699466364626779 -0.058693379825289695 -0.07416998077722814 -0.10121563104210628 -0.028113406958390916 -0.06663506168930504 -0.10345958508795744 0.17451055039763616 -0.087695955789537 -0.1986106719887885 -0.1897667227891791 -0.11561015657859967 -0.10727734632885072 -0.026145721498068368 -0.10468183376656048 -0.07982857941467647 -0.06973430324530738 0.08222201266614422 -0.04714369503913918 -0.0792819184120484 -0.07872239339661515 0.22385775421145426
0.04726326547688485 0.05887290998692799 0.01606594460876899 0.05986249427327218 0.045099244631640445 -0.01808396931923833 0.06332068168466858 0.004194659392787165 0.16474114520515198 0.05325179017706082 0.0430917954364192 0.07546167542705629 0.11380707540577349 0.0377939347209056 0.06061440318402333 0.08997918319165636 -0.1821621757631883 0.09720695190225434 0.19229304572861605 0.19354062083917756 0.12948719334357348 0.1086032197291932 0.012791286166046809 0.10889447784633585 0.07815648266871976 0.06923229940281488 -0.08849266237502011 0.048400508874656856 0.08832384100795199 0.08060473834680137 -0.23291249894828692
SIGMOID
