3 4
Iris-setosa
Iris-versicolor
Iris-virginica
3 5
0.3290330930808253 0.7440604825409648 1.0773367765128377 -1.6241800812795681 -1.0402913151403013
0.370088553096996 0.8665722360503705 1.0738030521631763 -1.696206914445146 -1.1933932860188523
0.23958831773284203 0.46010012467029515 1.0246957515801158 -1.6688410169238233 -0.9212859740215226
3 4
-2.925660830642229 2.1838901112563573 1.7728709112422014 2.5730062976340253
0.9231058409107349 0.06712279898477395 0.36694921817870196 -0.528024265296573
2.00122366410692 -2.2390364067504667 -2.147740182115713 -2.057682921879673
SIGMOID
