6
2 61
1 112
3 72
5 52
4 49
6 20
1 34 2.2857142857142856 2.1964285714285716 2.0982142857142856 0.9464285714285714 0.6696428571428571 0.0 0.03571428571428571 0.0 1.6339285714285714 1.5267857142857142 0.2857142857142857 0.0 0.03571428571428571 1.1160714285714286 0.0 0.26785714285714285 2.0982142857142856 0.8214285714285714 2.0 2.1160714285714284 2.2589285714285716 2.0535714285714284 0.8571428571428571 1.1517857142857142 0.0 1.1964285714285714 0.008928571428571428 0.0 0.0 0.0 0.0 1.8660714285714286 0.026785714285714284 39.160714285714285
2 34 2.278688524590164 2.0655737704918034 0.9508196721311475 1.6229508196721312 0.03278688524590164 0.0 0.01639344262295082 0.0 0.06557377049180328 0.11475409836065574 0.04918032786885246 0.0 0.45901639344262296 1.0819672131147542 0.0 2.19672131147541 1.7704918032786885 0.21311475409836064 0.9836065573770492 0.0 0.16393442622950818 0.01639344262295082 0.16393442622950818 0.0 0.0 0.0 0.0 2.1639344262295084 0.0 0.01639344262295082 0.01639344262295082 1.6065573770491803 0.03278688524590164 35.131147540983605
3 34 2.0833333333333335 1.625 2.0972222222222223 2.2777777777777777 1.3472222222222223 2.2777777777777777 0.0 1.9166666666666667 0.027777777777777776 0.027777777777777776 0.013888888888888888 2.0555555555555554 0.16666666666666666 0.0 0.05555555555555555 2.263888888888889 2.111111111111111 0.2916666666666667 1.2083333333333333 0.0 0.0 0.0 0.0 0.041666666666666664 1.9861111111111112 0.2361111111111111 2.3055555555555554 1.0972222222222223 2.2916666666666665 0.013888888888888888 0.0 2.25 2.7222222222222223 39.611111111111114
4 34 1.8979591836734695 1.510204081632653 1.183673469387755 0.46938775510204084 1.183673469387755 0.0 0.0 0.0 0.0 0.0 0.0 0.0 0.061224489795918366 0.12244897959183673 0.0 2.0408163265306123 1.4489795918367347 0.30612244897959184 0.7551020408163265 0.0 0.0 0.0 0.0 0.02040816326530612 0.0 0.3877551020408163 0.0 1.9591836734693877 0.02040816326530612 0.0 0.0 1.7755102040816326 0.0 34.857142857142854
5 34 1.5 1.1346153846153846 0.8461538461538461 1.8846153846153846 0.0 0.0 0.23076923076923078 0.0 0.038461538461538464 0.0 0.0 0.0 0.07692307692307693 0.0 2.2884615384615383 0.8461538461538461 2.25 0.6923076923076923 0.75 0.07692307692307693 1.8846153846153846 0.019230769230769232 0.019230769230769232 0.0 0.0 0.0 0.0 0.34615384615384615 0.0 0.019230769230769232 0.0 1.8269230769230769 0.019230769230769232 35.0
6 34 2.05 1.75 1.05 0.5 0.0 0.0 2.2 0.0 1.7 0.5 0.5 0.0 0.0 0.15 0.0 1.5 1.65 0.8 1.25 0.1 0.1 0.0 0.05 0.0 0.05 0.0 0.0 1.2 0.0 1.75 2.05 1.6 0.05 10.25
1 34 0.6213697660012004 0.6272962964187205 0.5844813120352126 1.089170985793065 0.8739306758861523 0.0 0.22971080246051245 0.0 1.0044543650303739 0.9768474889822958 0.4537843165207516 0.0 0.22971080246051237 0.9078787841688374 0.0 0.6293446163070333 0.6290250059993305 0.9025917209191627 0.643750273331526 0.7320898841369127 0.6259484438126305 0.7574172058257089 0.9382477712783982 0.9511474476554439 0.0 1.113708889408489 0.09449111825230673 0.0 0.0 0.0 0.0 0.7165424453115635 0.21052578659420015 15.75119247390699
2 34 0.6091290925297523 0.5437172199779464 0.8046993125426151 0.9515589739339948 0.2560737598657921 0.0 0.12803687993289609 0.0 0.2495898274513871 0.4122442906715104 0.21803894974650143 0.0 0.6726507387890409 0.822497861541559 0.0 0.7028435608570737 0.7614337927653507 0.5200882648923051 0.9397127802097922 0.0 0.4892282312940273 0.1280368799328961 0.45388426824659744 0.0 0.0 0.0 0.0 0.7784670378132579 0.0 0.1280368799328961 0.1280368799328961 0.7805700593068753 0.25607375986579217 13.717963174655416
3 34 0.5992953608843176 0.6594385148970126 0.67468766320387 0.7911877721292355 1.0502812798594292 0.6965149103531728 0.0 0.7645306025618076 0.2357022603955162 0.16548879560577054 0.11785113019775809 0.6690099662174533 0.44405303578688593 0.0 0.3309775912115409 0.6711993796173743 0.661955182423082 0.5422306561852087 0.8547711991035387 0.0 0.0 0.0 0.0 0.35355339059327345 0.7019701762365037 0.6389484220748866 0.5966783380713855 1.1767671425002608 0.6377226206157892 0.1178511301977581 0.0 0.5992953608843179 0.4510464272103452 12.043998628918715
4 34 0.5861206488138655 0.5050762722761055 0.7266782124777073 0.7665409539050112 0.8081220356417685 0.0 0.0 0.0 0.0 0.0 0.0 0.0 0.24222607082590242 0.331200660553418 0.0 0.7059031943035046 0.6474702209946261 0.5846680551337464 0.6301657270412402 0.0 0.0 0.0 0.0 0.1428571428571429 0.0 0.5329292687047474 0.0 0.7059031943035045 0.1428571428571429 0.0 0.0 0.6213327786047567 0.0 14.118545723031579
5 34 0.6715507368448513 0.6271268487830474 0.8940898622340057 1.0413762792827526 0.0 0.0 0.5464819612179819 0.0 0.19418390934515437 0.0 0.0 0.0 0.269069117598525 0.0 0.723188432080897 0.7767356373806173 0.6824121002076413 0.8053366495791399 0.8603464874289733 0.3340866299625873 0.8320502943378437 0.13867504905630734 0.1386750490563073 0.0 0.0 0.0 0.0 0.7108298211884471 0.0 0.13867504905630734 0.0 0.7598027052002134 0.1386750490563073 15.93983787158919
6 34 0.5104177855340405 0.4442616583193193 0.7591546545162482 0.6069769786668839 0.0 0.0 0.6155870112510924 0.0 0.8013147091860318 0.8271701918685112 0.512989176042577 0.0 0.0 0.36634754853252316 0.0 0.8271701918685112 0.5871429486123998 0.6155870112510925 0.6386663736585051 0.30779350562554625 0.30779350562554625 0.0 0.22360679774997885 0.0 0.22360679774997885 0.0 0.0 1.0052493799000692 0.0 0.8506963092234007 0.6048053188292996 0.6805570473787207 0.22360679774997888 3.7116459676905724
