3
Iris-setosa 50
Iris-versicolor 50
Iris-virginica 50
Iris-versicolor 4 5.936 2.7700000000000005 4.26 1.3259999999999998
Iris-virginica 4 6.587999999999998 2.9739999999999998 5.552 2.026
Iris-setosa 4 5.005999999999999 3.4180000000000006 1.464 0.2439999999999999
Iris-versicolor 4 0.5161711470638635 0.3137983233784114 0.46991097723995806 0.197752680004544
Iris-virginica 4 0.635879593274432 0.3224966381726376 0.5518946956639835 0.27465005563666733
Iris-setosa 4 0.3524896872134512 0.38102439795469095 0.1735111594364455 0.10720950308167837
