3
Iris-setosa 50
Iris-versicolor 50
Iris-virginica 50
Iris-versicolor -68.43728768637614
Iris-virginica -67.70907720239467
Iris-setosa -113.86317185077495
Iris-versicolor 4 18.012864504546535 15.960700049287592 3.2687850239269594 -14.712557467406626
Iris-virginica 4 7.372474783971544 13.24526130063586 6.234069483737771 9.661976084454245
Iris-setosa 4 44.63517040287524 -7.713380754633462 33.07861577077601 -28.452462735280534
Iris-versicolor
4 4
-4.751381882533188 1.8381083055268477 4.315855956875164 -3.227251719573027
1.8381083055268475 -9.855483212952173 -1.0580111983869978 9.740162352002239
4.315855956875164 -1.0580111983869969 -9.901878863984077 13.46861350537685
-3.227251719573024 9.740162352002239 13.468613505376847 -43.62239691316952
Iris-virginica
4 4
-5.266933399703267 1.7398631179140371 4.980072972269975 -0.8940761152319369
1.7398631179140371 -7.937721124091384 -0.5513443510714923 4.236425266071617
4.980072972269975 -0.5513443510714924 -6.702910265198062 1.4454592345916994
-0.894076115231937 4.236425266071617 1.4454592345916994 -9.65702517612499
Iris-setosa
4 4
-9.515303782196789 6.277641371127651 2.42191019818236 1.284306539287728
6.277641371127651 -7.915922157879973 -0.7660928807936204 2.495899944948058
2.42191019818236 -0.76609288079362 -19.127223589034234 8.022010095941873
1.284306539287728 2.4958999449480577 8.022010095941873 -51.14022934559618
