2
1 145
2 200
1 -349.3266172370608
2 -207.18349708541922
1 6 7.354785728052037 0.17080610114607075 0.21107783448343098 -0.026438164081545056 -0.15387763146163855 -2.6081801987600794
2 6 4.179548504114368 0.24602728415688513 0.0137342884690443 -0.00541609527064011 -0.07090162353339509 -1.2223250283907698
1
6 6
-0.04173737448336502 1.8572796946782888E-4 -6.90407112636446E-4 0.0019326365862907553 5.501292796343529E-4 0.014750802215778801
1.8572796946782883E-4 -0.001557263062300747 -4.778595981763313E-4 8.856124741285733E-4 1.8832496753629007E-4 -3.822240718351316E-4
-6.904071126364468E-4 -4.7785959817633135E-4 -0.004540113767470024 0.0046996130676445575 6.884546957487543E-4 0.0012173502323957878
0.0019326365862907557 8.856124741285733E-4 0.0046996130676445575 -0.017729228575819916 5.871355225708825E-4 0.0037020130274141375
5.501292796343527E-4 1.8832496753629007E-4 6.884546957487542E-4 5.871355225708823E-4 -8.562507181315166E-4 0.0016010109478755905
0.014750802215778803 -3.8222407183513145E-4 0.0012173502323957887 0.003702013027414134 0.00160101094787559 -0.05031293201882409
2
6 6
-0.023758933737158882 -3.0944292971317694E-4 -2.585838904377098E-4 0.0012376287821691562 3.464578122596776E-4 0.00762606340186238
-3.0944292971317694E-4 -0.0016068138433673433 -7.735693995908371E-5 4.348820091796375E-4 4.3533041426354756E-5 0.0010947379887386306
-2.5858389043770984E-4 -7.735693995908374E-5 -0.002871147558824361 0.004114743531167844 2.153144902543039E-4 -0.002641472016344717
0.0012376287821691562 4.3488200917963756E-4 0.004114743531167844 -0.011289564685741436 3.4630161091814184E-4 0.005180339537056357
3.464578122596776E-4 4.353304142635477E-5 2.1531449025430387E-4 3.4630161091814184E-4 -4.040264027574132E-4 9.958265512035166E-4
0.007626063401862379 0.0010947379887386304 -0.002641472016344717 0.005180339537056357 9.958265512035169E-4 -0.07293492064535066
